trial,stayBarOn,foragingTime,choiceMade,rewarded,rewardSize,trialErrors,timeToFixate,minFixTimeToStart,holdFixTime,timeToChoose,ITI,timeInErrorState,allForagingTimes,shrinkRate,handlingTime,allJuiceAmounts_1,allJuiceAmounts_2,allJuiceAmounts_3,allJuiceAmounts_4,allJuiceAmounts_5,allJuiceAmounts_6,allJuiceAmounts_7,allJuiceAmounts_8,allJuiceAmounts_9,allJuiceAmounts_10,allJuiceAmounts_11,allJuiceAmounts_12,allJuiceAmounts_13,allJuiceAmounts_14,allJuiceAmounts_15,allJuiceAmounts_16,allJuiceAmounts_17,choiceTime,completeTime
1,right,5,stay,yes,0.2,none,30,0.05,0.1,2147483647,1,0,5,65,0.4,0.2,0.187,0.174,0.161,0.148,0.135,0.122,0.109,0.096,0.083,0.07,0.057,0.044,0.031,0.018,0.00499999999999997,0,0.446532391710207,0.446539839264005
2,right,5,stay,yes,0.187,none,30,0.05,0.1,2147483647,1,0,5,65,0.4,0.2,0.187,0.174,0.161,0.148,0.135,0.122,0.109,0.096,0.083,0.07,0.057,0.044,0.031,0.018,0.00499999999999997,0,0.446558391209692,0.446565745049156
3,right,5,stay,yes,0.174,none,30,0.05,0.1,2147483647,1,0,5,65,0.4,0.2,0.187,0.174,0.161,0.148,0.135,0.122,0.109,0.096,0.083,0.07,0.057,0.044,0.031,0.018,0.00499999999999997,0,0.446582793490961,0.446590118459426
4,right,5,stay,yes,0.161,none,30,0.05,0.1,2147483647,1,0,5,65,0.4,0.2,0.187,0.174,0.161,0.148,0.135,0.122,0.109,0.096,0.083,0.07,0.057,0.044,0.031,0.018,0.00499999999999997,0,0.44660747598391,0.446614802000113
5,right,5,stay,yes,0.148,none,30,0.05,0.1,2147483647,1,0,5,65,0.4,0.2,0.187,0.174,0.161,0.148,0.135,0.122,0.109,0.096,0.083,0.07,0.057,0.044,0.031,0.018,0.00499999999999997,0,0.446631463244557,0.446638864930719
6,right,5,stay,yes,0.135,none,30,0.05,0.1,2147483647,1,0,5,65,0.4,0.2,0.187,0.174,0.161,0.148,0.135,0.122,0.109,0.096,0.083,0.07,0.057,0.044,0.031,0.018,0.00499999999999997,0,0.446655977284536,0.446663396782242
7,right,5,stay,yes,0.122,none,30,0.05,0.1,2147483647,1,0,5,65,0.4,0.2,0.187,0.174,0.161,0.148,0.135,0.122,0.109,0.096,0.083,0.07,0.057,0.044,0.031,0.018,0.00499999999999997,0,0.446680422872305,0.446687773335725
8,right,5,stay,yes,0.109,none,30,0.05,0.1,2147483647,1,0,5,65,0.4,0.2,0.187,0.174,0.161,0.148,0.135,0.122,0.109,0.096,0.083,0.07,0.057,0.044,0.031,0.018,0.00499999999999997,0,0.446704542613588,0.446711830561981
9,right,5,stay,yes,0.096,none,30,0.05,0.1,2147483647,1,0,5,65,0.4,0.2,0.187,0.174,0.161,0.148,0.135,0.122,0.109,0.096,0.083,0.07,0.057,0.044,0.031,0.018,0.00499999999999997,0,0.446729581453837,0.446736980928108
10,right,5,leave,no,0,none,30,0.05,0.1,2147483647,1,0,5,65,0.4,0.2,0.187,0.174,0.161,0.148,0.135,0.122,0.109,0.096,0.083,0.07,0.057,0.044,0.031,0.018,0.00499999999999997,0,0.446754643926397,0.446847173385322
11,left,5,stay,yes,0.2,none,30,0.05,0.1,2147483647,1,0,5,65,0.4,0.2,0.187,0.174,0.161,0.148,0.135,0.122,0.109,0.096,0.083,0.07,0.057,0.044,0.031,0.018,0.00499999999999997,0,0.446861902833916,0.44686933408957
12,left,5,stay,yes,0.187,none,30,0.05,0.1,2147483647,1,0,5,65,0.4,0.2,0.187,0.174,0.161,0.148,0.135,0.122,0.109,0.096,0.083,0.07,0.057,0.044,0.031,0.018,0.00499999999999997,0,0.446885945624672,0.4468932535965
13,left,5,stay,yes,0.174,none,30,0.05,0.1,2147483647,1,0,5,65,0.4,0.2,0.187,0.174,0.161,0.148,0.135,0.122,0.109,0.096,0.083,0.07,0.057,0.044,0.031,0.018,0.00499999999999997,0,0.446910466067493,0.446917775087059
14,left,5,stay,yes,0.161,none,30,0.05,0.1,2147483647,1,0,5,65,0.4,0.2,0.187,0.174,0.161,0.148,0.135,0.122,0.109,0.096,0.083,0.07,0.057,0.044,0.031,0.018,0.00499999999999997,0,0.446935075102374,0.446942453156225
15,left,5,stay,yes,0.148,none,30,0.05,0.1,2147483647,1,0,5,65,0.4,0.2,0.187,0.174,0.161,0.148,0.135,0.122,0.109,0.096,0.083,0.07,0.057,0.044,0.031,0.018,0.00499999999999997,0,0.446959588793106,0.446966978139244
16,left,5,stay,yes,0.135,none,30,0.05,0.1,2147483647,1,0,5,65,0.4,0.2,0.187,0.174,0.161,0.148,0.135,0.122,0.109,0.096,0.083,0.07,0.057,0.044,0.031,0.018,0.00499999999999997,0,0.446984189446084,0.44699151115492
17,left,5,stay,yes,0.122,none,30,0.05,0.1,2147483647,1,0,5,65,0.4,0.2,0.187,0.174,0.161,0.148,0.135,0.122,0.109,0.096,0.083,0.07,0.057,0.044,0.031,0.018,0.00499999999999997,0,0.447008768329397,0.447016194695607
18,left,5,stay,yes,0.109,none,30,0.05,0.1,2147483647,1,0,5,65,0.4,0.2,0.187,0.174,0.161,0.148,0.135,0.122,0.109,0.096,0.083,0.07,0.057,0.044,0.031,0.018,0.00499999999999997,0,0.447033087722957,0.447040414670482
19,left,5,leave,no,0,none,30,0.05,0.1,2147483647,1,0,5,65,0.4,0.2,0.187,0.174,0.161,0.148,0.135,0.122,0.109,0.096,0.083,0.07,0.057,0.044,0.031,0.018,0.00499999999999997,0,0.447057122597471,0.44714966067113
20,right,5,stay,yes,0.2,none,30,0.05,0.1,2147483647,1,0,5,65,0.4,0.2,0.187,0.174,0.161,0.148,0.135,0.122,0.109,0.096,0.083,0.07,0.057,0.044,0.031,0.018,0.00499999999999997,0,0.447165319346823,0.447172772604972
21,right,5,stay,yes,0.187,none,30,0.05,0.1,2147483647,1,0,5,65,0.4,0.2,0.187,0.174,0.161,0.148,0.135,0.122,0.109,0.096,0.083,0.07,0.057,0.044,0.031,0.018,0.00499999999999997,0,0.447190432227217,0.447197759756818
22,right,5,stay,yes,0.174,none,30,0.05,0.1,2147483647,1,0,5,65,0.4,0.2,0.187,0.174,0.161,0.148,0.135,0.122,0.109,0.096,0.083,0.07,0.057,0.044,0.031,0.018,0.00499999999999997,0,0.447217096341774,0.447224445291795
23,right,5,stay,yes,0.161,none,30,0.05,0.1,2147483647,1,0,5,65,0.4,0.2,0.187,0.174,0.161,0.148,0.135,0.122,0.109,0.096,0.083,0.07,0.057,0.044,0.031,0.018,0.00499999999999997,0,0.447241868008859,0.447249286225997
24,right,5,stay,yes,0.148,none,30,0.05,0.1,2147483647,1,0,5,65,0.4,0.2,0.187,0.174,0.161,0.148,0.135,0.122,0.109,0.096,0.083,0.07,0.057,0.044,0.031,0.018,0.00499999999999997,0,0.447266859817319,0.447274272562936
25,right,5,stay,yes,0.135,none,30,0.05,0.1,2147483647,1,0,5,65,0.4,0.2,0.187,0.174,0.161,0.148,0.135,0.122,0.109,0.096,0.083,0.07,0.057,0.044,0.031,0.018,0.00499999999999997,0,0.447291629738174,0.447298955405131
26,right,5,stay,yes,0.122,none,30,0.05,0.1,2147483647,1,0,5,65,0.4,0.2,0.187,0.174,0.161,0.148,0.135,0.122,0.109,0.096,0.083,0.07,0.057,0.044,0.031,0.018,0.00499999999999997,0,0.447316074511036,0.447323484579101
27,right,5,stay,yes,0.109,none,30,0.05,0.1,2147483647,1,0,5,65,0.4,0.2,0.187,0.174,0.161,0.148,0.135,0.122,0.109,0.096,0.083,0.07,0.057,0.044,0.031,0.018,0.00499999999999997,0,0.447341006365605,0.447348324814811
28,right,5,stay,yes,0.096,none,30,0.05,0.1,2147483647,1,0,5,65,0.4,0.2,0.187,0.174,0.161,0.148,0.135,0.122,0.109,0.096,0.083,0.07,0.057,0.044,0.031,0.018,0.00499999999999997,0,0.447365260450169,0.44737269601319
29,right,5,stay,yes,0.083,none,30,0.05,0.1,2147483647,1,0,5,65,0.4,0.2,0.187,0.174,0.161,0.148,0.135,0.122,0.109,0.096,0.083,0.07,0.057,0.044,0.031,0.018,0.00499999999999997,0,0.447400334058329,0.447407713741995
30,right,5,leave,no,0,none,30,0.05,0.1,2147483647,1,0,5,65,0.4,0.2,0.187,0.174,0.161,0.148,0.135,0.122,0.109,0.096,0.083,0.07,0.057,0.044,0.031,0.018,0.00499999999999997,0,0.447428164305165,0.44752066291403
31,left,5,stay,yes,0.2,none,30,0.05,0.1,2147483647,1,0,5,65,0.4,0.2,0.187,0.174,0.161,0.148,0.135,0.122,0.109,0.096,0.083,0.07,0.057,0.044,0.031,0.018,0.00499999999999997,0,0.447535976651125,0.447543301968835
32,left,5,stay,yes,0.187,none,30,0.05,0.1,2147483647,1,0,5,65,0.4,0.2,0.187,0.174,0.161,0.148,0.135,0.122,0.109,0.096,0.083,0.07,0.057,0.044,0.031,0.018,0.00499999999999997,0,0.447560849715956,0.447568145347759
33,left,5,stay,yes,0.174,none,30,0.05,0.1,2147483647,1,0,5,65,0.4,0.2,0.187,0.174,0.161,0.148,0.135,0.122,0.109,0.096,0.083,0.07,0.057,0.044,0.031,0.018,0.00499999999999997,0,0.447585221030749,0.447592670097947
34,left,5,stay,yes,0.161,none,30,0.05,0.1,2147483647,1,0,5,65,0.4,0.2,0.187,0.174,0.161,0.148,0.135,0.122,0.109,0.096,0.083,0.07,0.057,0.044,0.031,0.018,0.00499999999999997,0,0.447609979775734,0.447617354686372
35,left,5,stay,yes,0.148,none,30,0.05,0.1,2147483647,1,0,5,65,0.4,0.2,0.187,0.174,0.161,0.148,0.135,0.122,0.109,0.096,0.083,0.07,0.057,0.044,0.031,0.018,0.00499999999999997,0,0.447634995216504,0.447642345679924
36,left,5,stay,yes,0.135,none,30,0.05,0.1,2147483647,1,0,5,65,0.4,0.2,0.187,0.174,0.161,0.148,0.135,0.122,0.109,0.096,0.083,0.07,0.057,0.044,0.031,0.018,0.00499999999999997,0,0.447659505764022,0.447666868451051
37,left,5,stay,yes,0.122,none,30,0.05,0.1,2147483647,1,0,5,65,0.4,0.2,0.187,0.174,0.161,0.148,0.135,0.122,0.109,0.096,0.083,0.07,0.057,0.044,0.031,0.018,0.00499999999999997,0,0.447683870675974,0.447691242210567
38,left,5,stay,yes,0.109,none,30,0.05,0.1,2147483647,1,0,5,65,0.4,0.2,0.187,0.174,0.161,0.148,0.135,0.122,0.109,0.096,0.083,0.07,0.057,0.044,0.031,0.018,0.00499999999999997,0,0.44771162327379,0.447719013318419
39,left,5,stay,yes,0.096,none,30,0.05,0.1,2147483647,1,0,5,65,0.4,0.2,0.187,0.174,0.161,0.148,0.135,0.122,0.109,0.096,0.083,0.07,0.057,0.044,0.031,0.018,0.00499999999999997,0,0.447735709371045,0.44774307589978
40,left,5,leave,no,0,none,30,0.05,0.1,2147483647,1,0,5,65,0.4,0.2,0.187,0.174,0.161,0.148,0.135,0.122,0.109,0.096,0.083,0.07,0.057,0.044,0.031,0.018,0.00499999999999997,0,0.447759395698085,0.447852015960962
41,right,5,stay,yes,0.2,none,30,0.05,0.1,2147483647,1,0,5,65,0.4,0.2,0.187,0.174,0.161,0.148,0.135,0.122,0.109,0.096,0.083,0.07,0.057,0.044,0.031,0.018,0.00499999999999997,0,0.447875529993325,0.447882835753262
42,right,5,stay,yes,0.187,none,30,0.05,0.1,2147483647,1,0,5,65,0.4,0.2,0.187,0.174,0.161,0.148,0.135,0.122,0.109,0.096,0.083,0.07,0.057,0.044,0.031,0.018,0.00499999999999997,0,0.447901314822957,0.447908759815618
43,right,5,stay,yes,0.174,none,30,0.05,0.1,2147483647,1,0,5,65,0.4,0.2,0.187,0.174,0.161,0.148,0.135,0.122,0.109,0.096,0.083,0.07,0.057,0.044,0.031,0.018,0.00499999999999997,0,0.447926984750666,0.447934364899993
44,right,5,stay,yes,0.161,none,30,0.05,0.1,2147483647,1,0,5,65,0.4,0.2,0.187,0.174,0.161,0.148,0.135,0.122,0.109,0.096,0.083,0.07,0.057,0.044,0.031,0.018,0.00499999999999997,0,0.44795178133063,0.447959198616445
45,right,5,stay,yes,0.148,none,30,0.05,0.1,2147483647,1,0,5,65,0.4,0.2,0.187,0.174,0.161,0.148,0.135,0.122,0.109,0.096,0.083,0.07,0.057,0.044,0.031,0.018,0.00499999999999997,0,0.447977217147127,0.447984656202607
46,right,5,stay,yes,0.135,none,30,0.05,0.1,2147483647,1,0,5,65,0.4,0.2,0.187,0.174,0.161,0.148,0.135,0.122,0.109,0.096,0.083,0.07,0.057,0.044,0.031,0.018,0.00499999999999997,0,0.448002192308195,0.448009486077353
47,right,5,stay,yes,0.122,none,30,0.05,0.1,2147483647,1,0,5,65,0.4,0.2,0.187,0.174,0.161,0.148,0.135,0.122,0.109,0.096,0.083,0.07,0.057,0.044,0.031,0.018,0.00499999999999997,0,0.448031380074099,0.44803880166728
48,right,5,stay,yes,0.109,none,30,0.05,0.1,2147483647,1,0,5,65,0.4,0.2,0.187,0.174,0.161,0.148,0.135,0.122,0.109,0.096,0.083,0.07,0.057,0.044,0.031,0.018,0.00499999999999997,0,0.448056169319898,0.448063481599092
49,right,5,stay,yes,0.096,none,30,0.05,0.1,2147483647,1,0,5,65,0.4,0.2,0.187,0.174,0.161,0.148,0.135,0.122,0.109,0.096,0.083,0.07,0.057,0.044,0.031,0.018,0.00499999999999997,0,0.448081284761429,0.448088625911623
50,right,5,stay,yes,0.083,none,30,0.05,0.1,2147483647,1,0,5,65,0.4,0.2,0.187,0.174,0.161,0.148,0.135,0.122,0.109,0.096,0.083,0.07,0.057,0.044,0.031,0.018,0.00499999999999997,0,0.448106292169541,0.44811361678876
51,right,5,leave,no,0,none,30,0.05,0.1,2147483647,1,0,5,65,0.4,0.2,0.187,0.174,0.161,0.148,0.135,0.122,0.109,0.096,0.083,0.07,0.057,0.044,0.031,0.018,0.00499999999999997,0,0.448130067205057,0.448222552775405
52,left,5,stay,yes,0.2,none,30,0.05,0.1,2147483647,1,0,5,65,0.4,0.2,0.187,0.174,0.161,0.148,0.135,0.122,0.109,0.096,0.083,0.07,0.057,0.044,0.031,0.018,0.00499999999999997,0,0.448237812030129,0.448245203588158
53,left,5,stay,yes,0.187,none,30,0.05,0.1,2147483647,1,0,5,65,0.4,0.2,0.187,0.174,0.161,0.148,0.135,0.122,0.109,0.096,0.083,0.07,0.057,0.044,0.031,0.018,0.00499999999999997,0,0.448262951918878,0.448270342661999
54,left,5,stay,yes,0.174,none,30,0.05,0.1,2147483647,1,0,5,65,0.4,0.2,0.187,0.174,0.161,0.148,0.135,0.122,0.109,0.096,0.083,0.07,0.057,0.044,0.031,0.018,0.00499999999999997,0,0.448287226259708,0.448294566129334
55,left,5,stay,yes,0.161,none,30,0.05,0.1,2147483647,1,0,5,65,0.4,0.2,0.187,0.174,0.161,0.148,0.135,0.122,0.109,0.096,0.083,0.07,0.057,0.044,0.031,0.018,0.00499999999999997,0,0.448311807354912,0.448319243034348
56,left,5,stay,yes,0.148,none,30,0.05,0.1,2147483647,1,0,5,65,0.4,0.2,0.187,0.174,0.161,0.148,0.135,0.122,0.109,0.096,0.083,0.07,0.057,0.044,0.031,0.018,0.00499999999999997,0,0.448337018140592,0.448344394098967
57,left,5,stay,yes,0.135,none,30,0.05,0.1,2147483647,1,0,5,65,0.4,0.2,0.187,0.174,0.161,0.148,0.135,0.122,0.109,0.096,0.083,0.07,0.057,0.044,0.031,0.018,0.00499999999999997,0,0.448361666989513,0.448369072284549
58,left,5,stay,yes,0.122,none,30,0.05,0.1,2147483647,1,0,5,65,0.4,0.2,0.187,0.174,0.161,0.148,0.135,0.122,0.109,0.096,0.083,0.07,0.057,0.044,0.031,0.018,0.00499999999999997,0,0.448386074742302,0.448393441853113
59,left,5,stay,yes,0.109,none,30,0.05,0.1,2147483647,1,0,5,65,0.4,0.2,0.187,0.174,0.161,0.148,0.135,0.122,0.109,0.096,0.083,0.07,0.057,0.044,0.031,0.018,0.00499999999999997,0,0.448411487508565,0.448418896878138
60,left,5,stay,yes,0.096,none,30,0.05,0.1,2147483647,1,0,5,65,0.4,0.2,0.187,0.174,0.161,0.148,0.135,0.122,0.109,0.096,0.083,0.07,0.057,0.044,0.031,0.018,0.00499999999999997,0,0.448436215287074,0.448443581000902
61,left,5,stay,yes,0.083,,30,0.05,0.1,2147483647,1,0,5,65,0.4,0.2,0.187,0.174,0.161,0.148,0.135,0.122,0.109,0.096,0.083,0.07,0.057,0.044,0.031,0.018,0.00499999999999997,0,0.448465447407216,0.448472735239193
62,left,5,leave,no,0,none,30,0.05,0.1,2147483647,1,0,5,65,0.4,0.2,0.187,0.174,0.161,0.148,0.135,0.122,0.109,0.096,0.083,0.07,0.057,0.044,0.031,0.018,0.00499999999999997,0,0.448490533977747,0.448583069373854
63,right,5,stay,yes,0.2,none,30,0.05,0.1,2147483647,1,0,5,65,0.4,0.2,0.187,0.174,0.161,0.148,0.135,0.122,0.109,0.096,0.083,0.07,0.057,0.044,0.031,0.018,0.00499999999999997,0,0.448600113391876,0.448607562575489
64,right,5,stay,yes,0.187,none,30,0.05,0.1,2147483647,1,0,5,65,0.4,0.2,0.187,0.174,0.161,0.148,0.135,0.122,0.109,0.096,0.083,0.07,0.057,0.044,0.031,0.018,0.00499999999999997,0,0.448625118588097,0.448632551706396
65,right,5,stay,yes,0.174,none,30,0.05,0.1,2147483647,1,0,5,65,0.4,0.2,0.187,0.174,0.161,0.148,0.135,0.122,0.109,0.096,0.083,0.07,0.057,0.044,0.031,0.018,0.00499999999999997,0,0.448650184087455,0.448657543864101
66,right,5,stay,yes,0.161,none,30,0.05,0.1,2147483647,1,0,5,65,0.4,0.2,0.187,0.174,0.161,0.148,0.135,0.122,0.109,0.096,0.083,0.07,0.057,0.044,0.031,0.018,0.00499999999999997,0,0.448674518265761,0.448681919137016
67,right,5,stay,yes,0.148,none,30,0.05,0.1,2147483647,1,0,5,65,0.4,0.2,0.187,0.174,0.161,0.148,0.135,0.122,0.109,0.096,0.083,0.07,0.057,0.044,0.031,0.018,0.00499999999999997,0,0.448699185275473,0.448706603143364
68,right,5,stay,yes,0.135,none,30,0.05,0.1,2147483647,1,0,5,65,0.4,0.2,0.187,0.174,0.161,0.148,0.135,0.122,0.109,0.096,0.083,0.07,0.057,0.044,0.031,0.018,0.00499999999999997,0,0.448725134832785,0.448732512886636
69,right,5,stay,yes,0.122,none,30,0.05,0.1,2147483647,1,0,5,65,0.4,0.2,0.187,0.174,0.161,0.148,0.135,0.122,0.109,0.096,0.083,0.07,0.057,0.044,0.031,0.018,0.00499999999999997,0,0.448751736199483,0.448759056976996
70,right,5,stay,yes,0.109,none,30,0.05,0.1,2147483647,1,0,5,65,0.4,0.2,0.187,0.174,0.161,0.148,0.135,0.122,0.109,0.096,0.083,0.07,0.057,0.044,0.031,0.018,0.00499999999999997,0,0.44877698936034,0.448784347972833
71,right,5,stay,yes,0.096,none,30,0.05,0.1,2147483647,1,0,5,65,0.4,0.2,0.187,0.174,0.161,0.148,0.135,0.122,0.109,0.096,0.083,0.07,0.057,0.044,0.031,0.018,0.00499999999999997,0,0.448818315635435,0.448825686820783
72,right,5,stay,yes,0.083,none,30,0.05,0.1,2147483647,1,0,5,65,0.4,0.2,0.187,0.174,0.161,0.148,0.135,0.122,0.109,0.096,0.083,0.07,0.057,0.044,0.031,0.018,0.00499999999999997,0,0.448842792422511,0.448850213317201
73,right,5,leave,no,0,none,30,0.05,0.1,2147483647,1,0,5,65,0.4,0.2,0.187,0.174,0.161,0.148,0.135,0.122,0.109,0.096,0.083,0.07,0.057,0.044,0.031,0.018,0.00499999999999997,0,0.448872117558494,0.448964714654721
74,left,5,stay,yes,0.2,none,30,0.05,0.1,2147483647,1,0,5,65,0.4,0.2,0.187,0.174,0.161,0.148,0.135,0.122,0.109,0.096,0.083,0.07,0.057,0.044,0.031,0.018,0.00499999999999997,0,0.449006763636135,0.449014198035002
75,left,5,stay,yes,0.187,none,30,0.05,0.1,2147483647,1,0,5,65,0.4,0.2,0.187,0.174,0.161,0.148,0.135,0.122,0.109,0.096,0.083,0.07,0.057,0.044,0.031,0.018,0.00499999999999997,0,0.449032187578268,0.449039494851604
76,left,5,stay,yes,0.174,none,30,0.05,0.1,2147483647,1,0,5,65,0.4,0.2,0.187,0.174,0.161,0.148,0.135,0.122,0.109,0.096,0.083,0.07,0.057,0.044,0.031,0.018,0.00499999999999997,0,0.449057084973902,0.449064490501769
77,left,5,stay,yes,0.161,none,30,0.05,0.1,2147483647,1,0,5,65,0.4,0.2,0.187,0.174,0.161,0.148,0.135,0.122,0.109,0.096,0.083,0.07,0.057,0.044,0.031,0.018,0.00499999999999997,0,0.449082024395466,0.449089320842177
78,left,5,stay,yes,0.148,none,30,0.05,0.1,2147483647,1,0,5,65,0.4,0.2,0.187,0.174,0.161,0.148,0.135,0.122,0.109,0.096,0.083,0.07,0.057,0.044,0.031,0.018,0.00499999999999997,0,0.449106807587668,0.449114159913734
79,left,5,stay,yes,0.135,none,30,0.05,0.1,2147483647,1,0,5,65,0.4,0.2,0.187,0.174,0.161,0.148,0.135,0.122,0.109,0.096,0.083,0.07,0.057,0.044,0.031,0.018,0.00499999999999997,0,0.449131672969088,0.449138992582448
80,left,5,stay,yes,0.122,none,30,0.05,0.1,2147483647,1,0,5,65,0.4,0.2,0.187,0.174,0.161,0.148,0.135,0.122,0.109,0.096,0.083,0.07,0.057,0.044,0.031,0.018,0.00499999999999997,0,0.449156717048027,0.449164141202345
81,left,5,stay,yes,0.109,none,30,0.05,0.1,2147483647,1,0,5,65,0.4,0.2,0.187,0.174,0.161,0.148,0.135,0.122,0.109,0.096,0.083,0.07,0.057,0.044,0.031,0.018,0.00499999999999997,0,0.449181068688631,0.449188512517139
82,left,5,stay,yes,0.096,none,30,0.05,0.1,2147483647,1,0,5,65,0.4,0.2,0.187,0.174,0.161,0.148,0.135,0.122,0.109,0.096,0.083,0.07,0.057,0.044,0.031,0.018,0.00499999999999997,0,0.44920645293314,0.449213815154508
83,left,5,stay,yes,0.083,none,30,0.05,0.1,2147483647,1,0,5,65,0.4,0.2,0.187,0.174,0.161,0.148,0.135,0.122,0.109,0.096,0.083,0.07,0.057,0.044,0.031,0.018,0.00499999999999997,0,0.449245414696634,0.449252845719457
84,left,5,stay,yes,0.07,none,30,0.05,0.1,2147483647,1,0,5,65,0.4,0.2,0.187,0.174,0.161,0.148,0.135,0.122,0.109,0.096,0.083,0.07,0.057,0.044,0.031,0.018,0.00499999999999997,0,0.449270669254474,0.449277986539528
85,left,5,stay,yes,0.057,none,30,0.05,0.1,2147483647,1,0,5,65,0.4,0.2,0.187,0.174,0.161,0.148,0.135,0.122,0.109,0.096,0.083,0.07,0.057,0.044,0.031,0.018,0.00499999999999997,0,0.449296001461335,0.449303442728706
86,left,5,leave,no,0,none,30,0.05,0.1,2147483647,1,0,5,65,0.4,0.2,0.187,0.174,0.161,0.148,0.135,0.122,0.109,0.096,0.083,0.07,0.057,0.044,0.031,0.018,0.00499999999999997,0,0.449320684885606,0.449413308408111
87,right,5,stay,yes,0.2,none,30,0.05,0.1,2147483647,1,0,5,65,0.4,0.2,0.187,0.174,0.161,0.148,0.135,0.122,0.109,0.096,0.083,0.07,0.057,0.044,0.031,0.018,0.00499999999999997,0,0.44943039084319,0.449437805684283
88,right,5,stay,yes,0.187,none,30,0.05,0.1,2147483647,1,0,5,65,0.4,0.2,0.187,0.174,0.161,0.148,0.135,0.122,0.109,0.096,0.083,0.07,0.057,0.044,0.031,0.018,0.00499999999999997,0,0.44945626554545,0.449463565484621
89,right,5,stay,yes,0.174,none,30,0.05,0.1,2147483647,1,0,5,65,0.4,0.2,0.187,0.174,0.161,0.148,0.135,0.122,0.109,0.096,0.083,0.07,0.057,0.044,0.031,0.018,0.00499999999999997,0,0.449481102870777,0.44948855380062
90,right,5,stay,yes,0.161,none,30,0.05,0.1,2147483647,1,0,5,65,0.4,0.2,0.187,0.174,0.161,0.148,0.135,0.122,0.109,0.096,0.083,0.07,0.057,0.044,0.031,0.018,0.00499999999999997,0,0.449506216682494,0.449513542233035
91,right,5,stay,yes,0.148,none,30,0.05,0.1,2147483647,1,0,5,65,0.4,0.2,0.187,0.174,0.161,0.148,0.135,0.122,0.109,0.096,0.083,0.07,0.057,0.044,0.031,0.018,0.00499999999999997,0,0.449530989397317,0.4495383806061
92,right,5,stay,yes,0.135,,30,0.05,0.1,2147483647,1,0,5,65,0.4,0.2,0.187,0.174,0.161,0.148,0.135,0.122,0.109,0.096,0.083,0.07,0.057,0.044,0.031,0.018,0.00499999999999997,0,0.449565991293639,0.449573400197551
93,right,5,stay,yes,0.122,none,30,0.05,0.1,2147483647,1,0,5,65,0.4,0.2,0.187,0.174,0.161,0.148,0.135,0.122,0.109,0.096,0.083,0.07,0.057,0.044,0.031,0.018,0.00499999999999997,0,0.44962367368862,0.449631090392359
94,right,5,stay,yes,0.109,none,30,0.05,0.1,2147483647,1,0,5,65,0.4,0.2,0.187,0.174,0.161,0.148,0.135,0.122,0.109,0.096,0.083,0.07,0.057,0.044,0.031,0.018,0.00499999999999997,0,0.449648508103564,0.449655927252024
95,right,5,stay,yes,0.096,none,30,0.05,0.1,2147483647,1,0,5,65,0.4,0.2,0.187,0.174,0.161,0.148,0.135,0.122,0.109,0.096,0.083,0.07,0.057,0.044,0.031,0.018,0.00499999999999997,0,0.449672914808616,0.449680305551738
96,right,5,leave,no,0,none,30,0.05,0.1,2147483647,1,0,5,65,0.4,0.2,0.187,0.174,0.161,0.148,0.135,0.122,0.109,0.096,0.083,0.07,0.057,0.044,0.031,0.018,0.00499999999999997,0,0.449697560514323,0.449790169717744
97,left,5,stay,yes,0.2,none,30,0.05,0.1,2147483647,1,0,5,65,0.4,0.2,0.187,0.174,0.161,0.148,0.135,0.122,0.109,0.096,0.083,0.07,0.057,0.044,0.031,0.018,0.00499999999999997,0,0.449805826647207,0.449813123675995
98,left,5,stay,yes,0.187,none,30,0.05,0.1,2147483647,1,0,5,65,0.4,0.2,0.187,0.174,0.161,0.148,0.135,0.122,0.109,0.096,0.083,0.07,0.057,0.044,0.031,0.018,0.00499999999999997,0,0.449830869096331,0.449838272179477
99,left,5,stay,yes,0.174,none,30,0.05,0.1,2147483647,1,0,5,65,0.4,0.2,0.187,0.174,0.161,0.148,0.135,0.122,0.109,0.096,0.083,0.07,0.057,0.044,0.031,0.018,0.00499999999999997,0,0.449858013656922,0.449865415459499
100,left,5,stay,yes,0.161,none,30,0.05,0.1,2147483647,1,0,5,65,0.4,0.2,0.187,0.174,0.161,0.148,0.135,0.122,0.109,0.096,0.083,0.07,0.057,0.044,0.031,0.018,0.00499999999999997,0,0.449882940272801,0.449890251620673
101,left,5,stay,yes,0.148,none,30,0.05,0.1,2147483647,1,0,5,65,0.4,0.2,0.187,0.174,0.161,0.148,0.135,0.122,0.109,0.096,0.083,0.07,0.057,0.044,0.031,0.018,0.00499999999999997,0,0.44990875502117,0.449916169629432
102,left,5,stay,yes,0.135,none,30,0.05,0.1,2147483647,1,0,5,65,0.4,0.2,0.187,0.174,0.161,0.148,0.135,0.122,0.109,0.096,0.083,0.07,0.057,0.044,0.031,0.018,0.00499999999999997,0,0.449933650437742,0.449941007071175
103,left,5,stay,yes,0.122,none,30,0.05,0.1,2147483647,1,0,5,65,0.4,0.2,0.187,0.174,0.161,0.148,0.135,0.122,0.109,0.096,0.083,0.07,0.057,0.044,0.031,0.018,0.00499999999999997,0,0.449958092765883,0.449965531122871
104,left,5,stay,yes,0.109,none,30,0.05,0.1,2147483647,1,0,5,65,0.4,0.2,0.187,0.174,0.161,0.148,0.135,0.122,0.109,0.096,0.083,0.07,0.057,0.044,0.031,0.018,0.00499999999999997,0,0.449982248013839,0.449989595566876
105,left,5,stay,yes,0.096,none,30,0.05,0.1,2147483647,1,0,5,65,0.4,0.2,0.187,0.174,0.161,0.148,0.135,0.122,0.109,0.096,0.083,0.07,0.057,0.044,0.031,0.018,0.00499999999999997,0,0.45000958640594,0.450016907998361
106,left,5,stay,yes,0.083,none,30,0.05,0.1,2147483647,1,0,5,65,0.4,0.2,0.187,0.174,0.161,0.148,0.135,0.122,0.109,0.096,0.083,0.07,0.057,0.044,0.031,0.018,0.00499999999999997,0,0.450033762608655,0.450041119242087
107,left,5,leave,no,0,none,30,0.05,0.1,2147483647,1,0,5,65,0.4,0.2,0.187,0.174,0.161,0.148,0.135,0.122,0.109,0.096,0.083,0.07,0.057,0.044,0.031,0.018,0.00499999999999997,0,0.450060098897666,0.450152683304623
108,right,5,stay,yes,0.2,none,30,0.05,0.1,2147483647,1,0,5,65,0.4,0.2,0.187,0.174,0.161,0.148,0.135,0.122,0.109,0.096,0.083,0.07,0.057,0.044,0.031,0.018,0.00499999999999997,0,0.450240520644002,0.450247837114148
109,right,5,stay,yes,0.187,none,30,0.05,0.1,2147483647,1,0,5,65,0.4,0.2,0.187,0.174,0.161,0.148,0.135,0.122,0.109,0.096,0.083,0.07,0.057,0.044,0.031,0.018,0.00499999999999997,0,0.450265753432177,0.450273129506968
110,right,5,stay,yes,0.174,none,30,0.05,0.1,2147483647,1,0,5,65,0.4,0.2,0.187,0.174,0.161,0.148,0.135,0.122,0.109,0.096,0.083,0.07,0.057,0.044,0.031,0.018,0.00499999999999997,0,0.450292670517229,0.450299976742826
111,right,5,stay,yes,0.161,none,30,0.05,0.1,2147483647,1,0,5,65,0.4,0.2,0.187,0.174,0.161,0.148,0.135,0.122,0.109,0.096,0.083,0.07,0.057,0.044,0.031,0.018,0.00499999999999997,0,0.45031747315079,0.450324811739847
112,right,5,stay,yes,0.148,none,30,0.05,0.1,2147483647,1,0,5,65,0.4,0.2,0.187,0.174,0.161,0.148,0.135,0.122,0.109,0.096,0.083,0.07,0.057,0.044,0.031,0.018,0.00499999999999997,0,0.450342475320213,0.45034979574848
113,right,5,stay,yes,0.135,none,30,0.05,0.1,2147483647,1,0,5,65,0.4,0.2,0.187,0.174,0.161,0.148,0.135,0.122,0.109,0.096,0.083,0.07,0.057,0.044,0.031,0.018,0.00499999999999997,0,0.450367919285782,0.450375252519734
114,right,5,stay,yes,0.122,none,30,0.05,0.1,2147483647,1,0,5,65,0.4,0.2,0.187,0.174,0.161,0.148,0.135,0.122,0.109,0.096,0.083,0.07,0.057,0.044,0.031,0.018,0.00499999999999997,0,0.450392542872578,0.450399933499284
115,right,5,stay,yes,0.109,none,30,0.05,0.1,2147483647,1,0,5,65,0.4,0.2,0.187,0.174,0.161,0.148,0.135,0.122,0.109,0.096,0.083,0.07,0.057,0.044,0.031,0.018,0.00499999999999997,0,0.450417856918648,0.450425237067975
116,right,5,stay,yes,0.096,none,30,0.05,0.1,2147483647,1,0,5,65,0.4,0.2,0.187,0.174,0.161,0.148,0.135,0.122,0.109,0.096,0.083,0.07,0.057,0.044,0.031,0.018,0.00499999999999997,0,0.450442964327522,0.450450382078998
117,right,5,stay,yes,0.083,none,30,0.05,0.1,2147483647,1,0,5,65,0.4,0.2,0.187,0.174,0.161,0.148,0.135,0.122,0.109,0.096,0.083,0.07,0.057,0.044,0.031,0.018,0.00499999999999997,0,0.450467596179806,0.450474910554476
118,right,5,stay,yes,0.07,none,30,0.05,0.1,2147483647,1,0,5,65,0.4,0.2,0.187,0.174,0.161,0.148,0.135,0.122,0.109,0.096,0.083,0.07,0.057,0.044,0.031,0.018,0.00499999999999997,0,0.450494025135413,0.450501441257074
119,right,5,stay,yes,0.057,none,30,0.05,0.1,2147483647,1,0,5,65,0.4,0.2,0.187,0.174,0.161,0.148,0.135,0.122,0.109,0.096,0.083,0.07,0.057,0.044,0.031,0.018,0.00499999999999997,0,0.450528182787821,0.450535533251241
120,right,5,stay,yes,0.044,none,30,0.05,0.1,2147483647,1,0,5,65,0.4,0.2,0.187,0.174,0.161,0.148,0.135,0.122,0.109,0.096,0.083,0.07,0.057,0.044,0.031,0.018,0.00499999999999997,0,0.450557658215985,0.450564994593151
121,right,5,stay,yes,0.031,none,30,0.05,0.1,2147483647,1,0,5,65,0.4,0.2,0.187,0.174,0.161,0.148,0.135,0.122,0.109,0.096,0.083,0.07,0.057,0.044,0.031,0.018,0.00499999999999997,0,0.450582249904983,0.450589679996483
122,right,5,stay,yes,0.018,none,30,0.05,0.1,2147483647,1,0,5,65,0.4,0.2,0.187,0.174,0.161,0.148,0.135,0.122,0.109,0.096,0.083,0.07,0.057,0.044,0.031,0.018,0.00499999999999997,0,0.45064969593659,0.450657090870664
123,right,5,leave,no,0,none,30,0.05,0.1,2147483647,1,0,5,65,0.4,0.2,0.187,0.174,0.161,0.148,0.135,0.122,0.109,0.096,0.083,0.07,0.057,0.044,0.031,0.018,0.00499999999999997,0,0.450673785991967,0.450766340363771
124,left,5,stay,yes,0.2,none,30,0.05,0.1,2147483647,1,0,5,65,0.4,0.2,0.187,0.174,0.161,0.148,0.135,0.122,0.109,0.096,0.083,0.07,0.057,0.044,0.031,0.018,0.00499999999999997,0,0.450782094616443,0.450789451017044
125,left,5,stay,yes,0.187,none,30,0.05,0.1,2147483647,1,0,5,65,0.4,0.2,0.187,0.174,0.161,0.148,0.135,0.122,0.109,0.096,0.083,0.07,0.057,0.044,0.031,0.018,0.00499999999999997,0,0.450807082699612,0.450814440613613
126,left,5,stay,yes,0.174,none,30,0.05,0.1,2147483647,1,0,5,65,0.4,0.2,0.187,0.174,0.161,0.148,0.135,0.122,0.109,0.096,0.083,0.07,0.057,0.044,0.031,0.018,0.00499999999999997,0,0.450832288712263,0.450839742436074
127,left,5,stay,yes,0.161,none,30,0.05,0.1,2147483647,1,0,5,65,0.4,0.2,0.187,0.174,0.161,0.148,0.135,0.122,0.109,0.096,0.083,0.07,0.057,0.044,0.031,0.018,0.00499999999999997,0,0.450858132215217,0.450865499442443
128,left,5,stay,yes,0.148,none,30,0.05,0.1,2147483647,1,0,5,65,0.4,0.2,0.187,0.174,0.161,0.148,0.135,0.122,0.109,0.096,0.083,0.07,0.057,0.044,0.031,0.018,0.00499999999999997,0,0.450883379206061,0.450890793581493
129,left,5,stay,yes,0.135,none,30,0.05,0.1,2147483647,1,0,5,65,0.4,0.2,0.187,0.174,0.161,0.148,0.135,0.122,0.109,0.096,0.083,0.07,0.057,0.044,0.031,0.018,0.00499999999999997,0,0.45090807240922,0.450915482477285
130,left,5,stay,yes,0.122,none,30,0.05,0.1,2147483647,1,0,5,65,0.4,0.2,0.187,0.174,0.161,0.148,0.135,0.122,0.109,0.096,0.083,0.07,0.057,0.044,0.031,0.018,0.00499999999999997,0,0.450933375861496,0.450940776849166
131,left,5,stay,yes,0.109,none,30,0.05,0.1,2147483647,1,0,5,65,0.4,0.2,0.187,0.174,0.161,0.148,0.135,0.122,0.109,0.096,0.083,0.07,0.057,0.044,0.031,0.018,0.00499999999999997,0,0.450957999448292,0.450965306838043
132,left,5,stay,yes,0.096,none,30,0.05,0.1,2147483647,1,0,5,65,0.4,0.2,0.187,0.174,0.161,0.148,0.135,0.122,0.109,0.096,0.083,0.07,0.057,0.044,0.031,0.018,0.00499999999999997,0,0.450982328387909,0.450989683507942
133,left,5,stay,yes,0.083,none,30,0.05,0.1,2147483647,1,0,5,65,0.4,0.2,0.187,0.174,0.161,0.148,0.135,0.122,0.109,0.096,0.083,0.07,0.057,0.044,0.031,0.018,0.00499999999999997,0,0.451006809948012,0.451014207443222
134,left,5,leave,no,0,none,30,0.05,0.1,2147483647,1,0,5,65,0.4,0.2,0.187,0.174,0.161,0.148,0.135,0.122,0.109,0.096,0.083,0.07,0.057,0.044,0.031,0.018,0.00499999999999997,0,0.451056894962676,0.451149528729729
135,right,5,stay,yes,0.2,none,30,0.05,0.1,2147483647,1,0,5,65,0.4,0.2,0.187,0.174,0.161,0.148,0.135,0.122,0.109,0.096,0.083,0.07,0.057,0.044,0.031,0.018,0.00499999999999997,0,0.451166508137248,0.451173870940693
136,right,5,stay,yes,0.187,none,30,0.05,0.1,2147483647,1,0,5,65,0.4,0.2,0.187,0.174,0.161,0.148,0.135,0.122,0.109,0.096,0.083,0.07,0.057,0.044,0.031,0.018,0.00499999999999997,0,0.451192124397494,0.451199480332434
137,right,5,stay,yes,0.174,none,30,0.05,0.1,2147483647,1,0,5,65,0.4,0.2,0.187,0.174,0.161,0.148,0.135,0.122,0.109,0.096,0.083,0.07,0.057,0.044,0.031,0.018,0.00499999999999997,0,0.451217338326387,0.451224777963944
138,right,5,stay,yes,0.161,none,30,0.05,0.1,2147483647,1,0,5,65,0.4,0.2,0.187,0.174,0.161,0.148,0.135,0.122,0.109,0.096,0.083,0.07,0.057,0.044,0.031,0.018,0.00499999999999997,0,0.451242634677328,0.451250075711869
139,right,5,stay,yes,0.148,none,30,0.05,0.1,2147483647,1,0,5,65,0.4,0.2,0.187,0.174,0.161,0.148,0.135,0.122,0.109,0.096,0.083,0.07,0.057,0.044,0.031,0.018,0.00499999999999997,0,0.451268197153695,0.451275530154817
140,right,5,stay,yes,0.135,none,30,0.05,0.1,2147483647,1,0,5,65,0.4,0.2,0.187,0.174,0.161,0.148,0.135,0.122,0.109,0.096,0.083,0.07,0.057,0.044,0.031,0.018,0.00499999999999997,0,0.451293208636343,0.451300521264784
141,right,5,stay,yes,0.122,none,30,0.05,0.1,2147483647,1,0,5,65,0.4,0.2,0.187,0.174,0.161,0.148,0.135,0.122,0.109,0.096,0.083,0.07,0.057,0.044,0.031,0.018,0.00499999999999997,0,0.451317796716467,0.451325205969624
142,right,5,stay,yes,0.109,none,30,0.05,0.1,2147483647,1,0,5,65,0.4,0.2,0.187,0.174,0.161,0.148,0.135,0.122,0.109,0.096,0.083,0.07,0.057,0.044,0.031,0.018,0.00499999999999997,0,0.451342483051121,0.45134988380596
143,right,5,leave,no,0,none,30,0.05,0.1,2147483647,1,0,5,65,0.4,0.2,0.187,0.174,0.161,0.148,0.135,0.122,0.109,0.096,0.083,0.07,0.057,0.044,0.031,0.018,0.00499999999999997,0,0.451368103036657,0.45146067684982
144,left,5,stay,yes,0.2,none,30,0.05,0.1,2147483647,1,0,5,65,0.4,0.2,0.187,0.174,0.161,0.148,0.135,0.122,0.109,0.096,0.083,0.07,0.057,0.044,0.031,0.018,0.00499999999999997,0,0.451477583730593,0.451485017314553
145,left,5,stay,yes,0.187,none,30,0.05,0.1,2147483647,1,0,5,65,0.4,0.2,0.187,0.174,0.161,0.148,0.135,0.122,0.109,0.096,0.083,0.07,0.057,0.044,0.031,0.018,0.00499999999999997,0,0.451503477408551,0.451510774553753
146,left,5,stay,yes,0.174,none,30,0.05,0.1,2147483647,1,0,5,65,0.4,0.2,0.187,0.174,0.161,0.148,0.135,0.122,0.109,0.096,0.083,0.07,0.057,0.044,0.031,0.018,0.00499999999999997,0,0.451527980039828,0.451535304775462
147,left,5,stay,yes,0.161,none,30,0.05,0.1,2147483647,1,0,5,65,0.4,0.2,0.187,0.174,0.161,0.148,0.135,0.122,0.109,0.096,0.083,0.07,0.057,0.044,0.031,0.018,0.00499999999999997,0,0.451554018072784,0.451561377500184
148,left,5,stay,yes,0.148,none,30,0.05,0.1,2147483647,1,0,5,65,0.4,0.2,0.187,0.174,0.161,0.148,0.135,0.122,0.109,0.096,0.083,0.07,0.057,0.044,0.031,0.018,0.00499999999999997,0,0.451580597436987,0.451587907387875
149,left,5,stay,yes,0.135,none,30,0.05,0.1,2147483647,1,0,5,65,0.4,0.2,0.187,0.174,0.161,0.148,0.135,0.122,0.109,0.096,0.083,0.07,0.057,0.044,0.031,0.018,0.00499999999999997,0,0.451606851653196,0.451614292920567
150,left,5,stay,yes,0.122,none,30,0.05,0.1,2147483647,1,0,5,65,0.4,0.2,0.187,0.174,0.161,0.148,0.135,0.122,0.109,0.096,0.083,0.07,0.057,0.044,0.031,0.018,0.00499999999999997,0,0.4516314456705,0.451638813130558
151,left,5,stay,yes,0.109,none,30,0.05,0.1,2147483647,1,0,5,65,0.4,0.2,0.187,0.174,0.161,0.148,0.135,0.122,0.109,0.096,0.083,0.07,0.057,0.044,0.031,0.018,0.00499999999999997,0,0.451656209072098,0.451663649291731
152,left,5,stay,yes,0.096,none,30,0.05,0.1,2147483647,1,0,5,65,0.4,0.2,0.187,0.174,0.161,0.148,0.135,0.122,0.109,0.096,0.083,0.07,0.057,0.044,0.031,0.018,0.00499999999999997,0,0.451680505881086,0.451687869732268
153,left,5,stay,yes,0.083,none,30,0.05,0.1,2147483647,1,0,5,65,0.4,0.2,0.187,0.174,0.161,0.148,0.135,0.122,0.109,0.096,0.083,0.07,0.057,0.044,0.031,0.018,0.00499999999999997,0,0.451704867184162,0.451712244539522
154,left,5,leave,no,0,none,30,0.05,0.1,2147483647,1,0,5,65,0.4,0.2,0.187,0.174,0.161,0.148,0.135,0.122,0.109,0.096,0.083,0.07,0.057,0.044,0.031,0.018,0.00499999999999997,0,0.451732182176784,0.451824736432172
155,right,5,stay,yes,0.2,none,30,0.05,0.1,2147483647,1,0,5,65,0.4,0.2,0.187,0.174,0.161,0.148,0.135,0.122,0.109,0.096,0.083,0.07,0.057,0.044,0.031,0.018,0.00499999999999997,0,0.451840280671604,0.451847692020237
156,right,5,stay,yes,0.187,none,30,0.05,0.1,2147483647,1,0,5,65,0.4,0.2,0.187,0.174,0.161,0.148,0.135,0.122,0.109,0.096,0.083,0.07,0.057,0.044,0.031,0.018,0.00499999999999997,0,0.451865462702699,0.451872833422385
157,right,5,stay,yes,0.174,none,30,0.05,0.1,2147483647,1,0,5,65,0.4,0.2,0.187,0.174,0.161,0.148,0.135,0.122,0.109,0.096,0.083,0.07,0.057,0.044,0.031,0.018,0.00499999999999997,0,0.451891190139577,0.451898599974811
158,right,5,stay,yes,0.161,none,30,0.05,0.1,2147483647,1,0,5,65,0.4,0.2,0.187,0.174,0.161,0.148,0.135,0.122,0.109,0.096,0.083,0.07,0.057,0.044,0.031,0.018,0.00499999999999997,0,0.45191647624597,0.451923890272155
159,right,5,stay,yes,0.148,none,30,0.05,0.1,2147483647,1,0,5,65,0.4,0.2,0.187,0.174,0.161,0.148,0.135,0.122,0.109,0.096,0.083,0.07,0.057,0.044,0.031,0.018,0.00499999999999997,0,0.451941536040977,0.451948883710429
160,right,5,stay,yes,0.135,none,30,0.05,0.1,2147483647,1,0,5,65,0.4,0.2,0.187,0.174,0.161,0.148,0.135,0.122,0.109,0.096,0.083,0.07,0.057,0.044,0.031,0.018,0.00499999999999997,0,0.451966459280811,0.451973874354735
161,right,5,stay,yes,0.122,none,30,0.05,0.1,2147483647,1,0,5,65,0.4,0.2,0.187,0.174,0.161,0.148,0.135,0.122,0.109,0.096,0.083,0.07,0.057,0.044,0.031,0.018,0.00499999999999997,0,0.451991301029921,0.45199871622026
162,right,5,stay,yes,0.109,none,30,0.05,0.1,2147483647,1,0,5,65,0.4,0.2,0.187,0.174,0.161,0.148,0.135,0.122,0.109,0.096,0.083,0.07,0.057,0.044,0.031,0.018,0.00499999999999997,0,0.452017139177769,0.452024472877383
163,right,5,stay,yes,0.096,,30,0.05,0.1,2147483647,1,0,5,65,0.4,0.2,0.187,0.174,0.161,0.148,0.135,0.122,0.109,0.096,0.083,0.07,0.057,0.044,0.031,0.018,0.00499999999999997,0,0.452046054648235,0.452053473331034
164,right,5,leave,no,0,none,30,0.05,0.1,2147483647,1,0,5,65,0.4,0.2,0.187,0.174,0.161,0.148,0.135,0.122,0.109,0.096,0.083,0.07,0.057,0.044,0.031,0.018,0.00499999999999997,0,0.452070575789548,0.452163342037238
165,left,5,stay,yes,0.2,none,30,0.05,0.1,2147483647,1,0,5,65,0.4,0.2,0.187,0.174,0.161,0.148,0.135,0.122,0.109,0.096,0.083,0.07,0.057,0.044,0.031,0.018,0.00499999999999997,0,0.45217883400619,0.452186136157252
166,left,5,stay,yes,0.187,none,30,0.05,0.1,2147483647,1,0,5,65,0.4,0.2,0.187,0.174,0.161,0.148,0.135,0.122,0.109,0.096,0.083,0.07,0.057,0.044,0.031,0.018,0.00499999999999997,0,0.452203873777762,0.452211281517521
167,left,5,stay,yes,0.174,none,30,0.05,0.1,2147483647,1,0,5,65,0.4,0.2,0.187,0.174,0.161,0.148,0.135,0.122,0.109,0.096,0.083,0.07,0.057,0.044,0.031,0.018,0.00499999999999997,0,0.452229585731402,0.452236888115294
168,left,5,stay,yes,0.161,none,30,0.05,0.1,2147483647,1,0,5,65,0.4,0.2,0.187,0.174,0.161,0.148,0.135,0.122,0.109,0.096,0.083,0.07,0.057,0.044,0.031,0.018,0.00499999999999997,0,0.452254269388504,0.452261570026167
169,left,5,stay,yes,0.148,none,30,0.05,0.1,2147483647,1,0,5,65,0.4,0.2,0.187,0.174,0.161,0.148,0.135,0.122,0.109,0.096,0.083,0.07,0.057,0.044,0.031,0.018,0.00499999999999997,0,0.452278931625187,0.452286259038374
170,left,5,stay,yes,0.135,none,30,0.05,0.1,2147483647,1,0,5,65,0.4,0.2,0.187,0.174,0.161,0.148,0.135,0.122,0.109,0.096,0.083,0.07,0.057,0.044,0.031,0.018,0.00499999999999997,0,0.452303587808274,0.45231093489565
171,left,5,stay,yes,0.122,none,30,0.05,0.1,2147483647,1,0,5,65,0.4,0.2,0.187,0.174,0.161,0.148,0.135,0.122,0.109,0.096,0.083,0.07,0.057,0.044,0.031,0.018,0.00499999999999997,0,0.452328204526566,0.452335616340861
172,left,5,stay,yes,0.109,none,30,0.05,0.1,2147483647,1,0,5,65,0.4,0.2,0.187,0.174,0.161,0.148,0.135,0.122,0.109,0.096,0.083,0.07,0.057,0.044,0.031,0.018,0.00499999999999997,0,0.452360273222439,0.45236770703923
173,left,5,stay,yes,0.096,none,30,0.05,0.1,2147483647,1,0,5,65,0.4,0.2,0.187,0.174,0.161,0.148,0.135,0.122,0.109,0.096,0.083,0.07,0.057,0.044,0.031,0.018,0.00499999999999997,0,0.452384563279338,0.452391922706738
174,left,5,stay,yes,0.083,none,30,0.05,0.1,2147483647,1,0,5,65,0.4,0.2,0.187,0.174,0.161,0.148,0.135,0.122,0.109,0.096,0.083,0.07,0.057,0.044,0.031,0.018,0.00499999999999997,0,0.452408898505382,0.452416297397576
175,left,5,stay,yes,0.07,none,30,0.05,0.1,2147483647,1,0,5,65,0.4,0.2,0.187,0.174,0.161,0.148,0.135,0.122,0.109,0.096,0.083,0.07,0.057,0.044,0.031,0.018,0.00499999999999997,0,0.452435823506676,0.45244314102456
176,left,5,leave,no,0,none,30,0.05,0.1,2147483647,1,0,5,65,0.4,0.2,0.187,0.174,0.161,0.148,0.135,0.122,0.109,0.096,0.083,0.07,0.057,0.044,0.031,0.018,0.00499999999999997,0,0.452461223583668,0.452553779119626
177,right,5,stay,yes,0.2,none,30,0.05,0.1,2147483647,1,0,5,65,0.4,0.2,0.187,0.174,0.161,0.148,0.135,0.122,0.109,0.096,0.083,0.07,0.057,0.044,0.031,0.018,0.00499999999999997,0,0.452571435132995,0.452578733675182
178,right,5,stay,yes,0.187,none,30,0.05,0.1,2147483647,1,0,5,65,0.4,0.2,0.187,0.174,0.161,0.148,0.135,0.122,0.109,0.096,0.083,0.07,0.057,0.044,0.031,0.018,0.00499999999999997,0,0.452596814604476,0.452604187070392
179,right,5,stay,yes,0.174,none,30,0.05,0.1,2147483647,1,0,5,65,0.4,0.2,0.187,0.174,0.161,0.148,0.135,0.122,0.109,0.096,0.083,0.07,0.057,0.044,0.031,0.018,0.00499999999999997,0,0.452622928307392,0.452630255138502
180,right,5,stay,yes,0.161,none,30,0.05,0.1,2147483647,1,0,5,65,0.4,0.2,0.187,0.174,0.161,0.148,0.135,0.122,0.109,0.096,0.083,0.07,0.057,0.044,0.031,0.018,0.00499999999999997,0,0.452647799975239,0.452655254979618
181,right,5,stay,yes,0.148,none,30,0.05,0.1,2147483647,1,0,5,65,0.4,0.2,0.187,0.174,0.161,0.148,0.135,0.122,0.109,0.096,0.083,0.07,0.057,0.044,0.031,0.018,0.00499999999999997,0,0.452673474675976,0.452680858084932
182,right,5,stay,yes,0.135,none,30,0.05,0.1,2147483647,1,0,5,65,0.4,0.2,0.187,0.174,0.161,0.148,0.135,0.122,0.109,0.096,0.083,0.07,0.057,0.044,0.031,0.018,0.00499999999999997,0,0.452698122360744,0.452705542556942
183,right,5,stay,yes,0.122,none,30,0.05,0.1,2147483647,1,0,5,65,0.4,0.2,0.187,0.174,0.161,0.148,0.135,0.122,0.109,0.096,0.083,0.07,0.057,0.044,0.031,0.018,0.00499999999999997,0,0.452725657145493,0.452732997015119
184,right,5,stay,yes,0.109,none,30,0.05,0.1,2147483647,1,0,5,65,0.4,0.2,0.187,0.174,0.161,0.148,0.135,0.122,0.109,0.096,0.083,0.07,0.057,0.044,0.031,0.018,0.00499999999999997,0,0.452764190966263,0.452771562035196
185,right,5,stay,yes,0.096,none,30,0.05,0.1,2147483647,1,0,5,65,0.4,0.2,0.187,0.174,0.161,0.148,0.135,0.122,0.109,0.096,0.083,0.07,0.057,0.044,0.031,0.018,0.00499999999999997,0,0.452788550290279,0.452795941033401
186,right,5,stay,yes,0.083,none,30,0.05,0.1,2147483647,1,0,5,65,0.4,0.2,0.187,0.174,0.161,0.148,0.135,0.122,0.109,0.096,0.083,0.07,0.057,0.044,0.031,0.018,0.00499999999999997,0,0.452813245356083,0.452820618753321
187,right,5,leave,no,0,none,30,0.05,0.1,2147483647,1,0,5,65,0.4,0.2,0.187,0.174,0.161,0.148,0.135,0.122,0.109,0.096,0.083,0.07,0.057,0.044,0.031,0.018,0.00499999999999997,0,0.452841922524385,0.452934497967362
188,left,5,stay,yes,0.2,none,30,0.05,0.1,2147483647,1,0,5,65,0.4,0.2,0.187,0.174,0.161,0.148,0.135,0.122,0.109,0.096,0.083,0.07,0.057,0.044,0.031,0.018,0.00499999999999997,0,0.452950564213097,0.452957911067642
189,left,5,stay,yes,0.187,none,30,0.05,0.1,2147483647,1,0,5,65,0.4,0.2,0.187,0.174,0.161,0.148,0.135,0.122,0.109,0.096,0.083,0.07,0.057,0.044,0.031,0.018,0.00499999999999997,0,0.452975116902962,0.452982440358028
190,left,5,stay,yes,0.174,none,30,0.05,0.1,2147483647,1,0,5,65,0.4,0.2,0.187,0.174,0.161,0.148,0.135,0.122,0.109,0.096,0.083,0.07,0.057,0.044,0.031,0.018,0.00499999999999997,0,0.453001090325415,0.453008513897657
191,left,5,stay,yes,0.161,none,30,0.05,0.1,2147483647,1,0,5,65,0.4,0.2,0.187,0.174,0.161,0.148,0.135,0.122,0.109,0.096,0.083,0.07,0.057,0.044,0.031,0.018,0.00499999999999997,0,0.453025544295087,0.453032885096036
192,left,5,stay,yes,0.148,none,30,0.05,0.1,2147483647,1,0,5,65,0.4,0.2,0.187,0.174,0.161,0.148,0.135,0.122,0.109,0.096,0.083,0.07,0.057,0.044,0.031,0.018,0.00499999999999997,0,0.453049743897282,0.453057103790343
193,left,5,stay,yes,0.135,none,30,0.05,0.1,2147483647,1,0,5,65,0.4,0.2,0.187,0.174,0.161,0.148,0.135,0.122,0.109,0.096,0.083,0.07,0.057,0.044,0.031,0.018,0.00499999999999997,0,0.453074314515106,0.453081629588269
194,left,5,stay,yes,0.122,none,30,0.05,0.1,2147483647,1,0,5,65,0.4,0.2,0.187,0.174,0.161,0.148,0.135,0.122,0.109,0.096,0.083,0.07,0.057,0.044,0.031,0.018,0.00499999999999997,0,0.453099150094204,0.453106464468874
195,left,5,stay,yes,0.109,none,30,0.05,0.1,2147483647,1,0,5,65,0.4,0.2,0.187,0.174,0.161,0.148,0.135,0.122,0.109,0.096,0.083,0.07,0.057,0.044,0.031,0.018,0.00499999999999997,0,0.453123738639988,0.453131146728992
196,left,5,stay,yes,0.096,none,30,0.05,0.1,2147483647,1,0,5,65,0.4,0.2,0.187,0.174,0.161,0.148,0.135,0.122,0.109,0.096,0.083,0.07,0.057,0.044,0.031,0.018,0.00499999999999997,0,0.453147355467081,0.453154754824936
197,left,5,stay,yes,0.083,none,30,0.05,0.1,2147483647,1,0,5,65,0.4,0.2,0.187,0.174,0.161,0.148,0.135,0.122,0.109,0.096,0.083,0.07,0.057,0.044,0.031,0.018,0.00499999999999997,0,0.453172826091759,0.453180204960518
198,left,5,leave,no,0,none,30,0.05,0.1,2147483647,1,0,5,65,0.4,0.2,0.187,0.174,0.161,0.148,0.135,0.122,0.109,0.096,0.083,0.07,0.057,0.044,0.031,0.018,0.00499999999999997,0,0.453203537850641,0.453296707593836
199,right,5,stay,yes,0.2,none,30,0.05,0.1,2147483647,1,0,5,65,0.4,0.2,0.187,0.174,0.161,0.148,0.135,0.122,0.109,0.096,0.083,0.07,0.057,0.044,0.031,0.018,0.00499999999999997,0,0.453311960212886,0.453319350373931
200,right,5,stay,yes,0.187,none,30,0.05,0.1,2147483647,1,0,5,65,0.4,0.2,0.187,0.174,0.161,0.148,0.135,0.122,0.109,0.096,0.083,0.07,0.057,0.044,0.031,0.018,0.00499999999999997,0,0.453338491148315,0.453345880960114
201,right,5,stay,yes,0.174,none,30,0.05,0.1,2147483647,1,0,5,65,0.4,0.2,0.187,0.174,0.161,0.148,0.135,0.122,0.109,0.096,0.083,0.07,0.057,0.044,0.031,0.018,0.00499999999999997,0,0.453363470500335,0.45337087882217
202,right,5,stay,yes,0.161,none,30,0.05,0.1,2147483647,1,0,5,65,0.4,0.2,0.187,0.174,0.161,0.148,0.135,0.122,0.109,0.096,0.083,0.07,0.057,0.044,0.031,0.018,0.00499999999999997,0,0.453389443689957,0.453396791825071
203,right,5,stay,yes,0.148,none,30,0.05,0.1,2147483647,1,0,5,65,0.4,0.2,0.187,0.174,0.161,0.148,0.135,0.122,0.109,0.096,0.083,0.07,0.057,0.044,0.031,0.018,0.00499999999999997,0,0.453414191724733,0.453421629033983
204,right,5,stay,yes,0.135,none,30,0.05,0.1,2147483647,1,0,5,65,0.4,0.2,0.187,0.174,0.161,0.148,0.135,0.122,0.109,0.096,0.083,0.07,0.057,0.044,0.031,0.018,0.00499999999999997,0,0.453439178294502,0.453446613508277
205,right,5,stay,yes,0.122,none,30,0.05,0.1,2147483647,1,0,5,65,0.4,0.2,0.187,0.174,0.161,0.148,0.135,0.122,0.109,0.096,0.083,0.07,0.057,0.044,0.031,0.018,0.00499999999999997,0,0.4534644971136,0.453471917193383
206,right,5,stay,yes,0.109,none,30,0.05,0.1,2147483647,1,0,5,65,0.4,0.2,0.187,0.174,0.161,0.148,0.135,0.122,0.109,0.096,0.083,0.07,0.057,0.044,0.031,0.018,0.00499999999999997,0,0.453488827915862,0.453496130881831
207,right,5,stay,yes,0.096,none,30,0.05,0.1,2147483647,1,0,5,65,0.4,0.2,0.187,0.174,0.161,0.148,0.135,0.122,0.109,0.096,0.083,0.07,0.057,0.044,0.031,0.018,0.00499999999999997,0,0.453513221233152,0.453520665992983
208,right,5,stay,yes,0.083,none,30,0.05,0.1,2147483647,1,0,5,65,0.4,0.2,0.187,0.174,0.161,0.148,0.135,0.122,0.109,0.096,0.083,0.07,0.057,0.044,0.031,0.018,0.00499999999999997,0,0.453537875204347,0.453545190743171
209,right,5,leave,no,0,none,30,0.05,0.1,2147483647,1,0,5,65,0.4,0.2,0.187,0.174,0.161,0.148,0.135,0.122,0.109,0.096,0.083,0.07,0.057,0.044,0.031,0.018,0.00499999999999997,0,0.453563629533164,0.453656132798642
210,left,5,stay,yes,0.2,none,30,0.05,0.1,2147483647,1,0,5,65,0.4,0.2,0.187,0.174,0.161,0.148,0.135,0.122,0.109,0.096,0.083,0.07,0.057,0.044,0.031,0.018,0.00499999999999997,0,0.453671206138097,0.453678625286557
211,left,5,stay,yes,0.187,none,30,0.05,0.1,2147483647,1,0,5,65,0.4,0.2,0.187,0.174,0.161,0.148,0.135,0.122,0.109,0.096,0.083,0.07,0.057,0.044,0.031,0.018,0.00499999999999997,0,0.453695875010453,0.453703302540816
212,left,5,stay,yes,0.174,none,30,0.05,0.1,2147483647,1,0,5,65,0.4,0.2,0.187,0.174,0.161,0.148,0.135,0.122,0.109,0.096,0.083,0.07,0.057,0.044,0.031,0.018,0.00499999999999997,0,0.453720890101977,0.453728302032687
213,left,5,stay,yes,0.161,none,30,0.05,0.1,2147483647,1,0,5,65,0.4,0.2,0.187,0.174,0.161,0.148,0.135,0.122,0.109,0.096,0.083,0.07,0.057,0.044,0.031,0.018,0.00499999999999997,0,0.453745559090748,0.453752980800346
214,left,5,stay,yes,0.148,none,30,0.05,0.1,2147483647,1,0,5,65,0.4,0.2,0.187,0.174,0.161,0.148,0.135,0.122,0.109,0.096,0.083,0.07,0.057,0.044,0.031,0.018,0.00499999999999997,0,0.453770567779429,0.453777968301438
215,left,5,stay,yes,0.135,none,30,0.05,0.1,2147483647,1,0,5,65,0.4,0.2,0.187,0.174,0.161,0.148,0.135,0.122,0.109,0.096,0.083,0.07,0.057,0.044,0.031,0.018,0.00499999999999997,0,0.453795022214763,0.453802342293784
216,left,5,stay,yes,0.122,none,30,0.05,0.1,2147483647,1,0,5,65,0.4,0.2,0.187,0.174,0.161,0.148,0.135,0.122,0.109,0.096,0.083,0.07,0.057,0.044,0.031,0.018,0.00499999999999997,0,0.453819583985023,0.453827023506165
217,left,5,stay,yes,0.109,none,30,0.05,0.1,2147483647,1,0,5,65,0.4,0.2,0.187,0.174,0.161,0.148,0.135,0.122,0.109,0.096,0.083,0.07,0.057,0.044,0.031,0.018,0.00499999999999997,0,0.45384600746911,0.453853403567336
218,left,5,stay,yes,0.096,none,30,0.05,0.1,2147483647,1,0,5,65,0.4,0.2,0.187,0.174,0.161,0.148,0.135,0.122,0.109,0.096,0.083,0.07,0.057,0.044,0.031,0.018,0.00499999999999997,0,0.453870901255868,0.453878239844926
219,left,5,stay,yes,0.083,none,30,0.05,0.1,2147483647,1,0,5,65,0.4,0.2,0.187,0.174,0.161,0.148,0.135,0.122,0.109,0.096,0.083,0.07,0.057,0.044,0.031,0.018,0.00499999999999997,0,0.453895227285102,0.453902613255195
220,left,5,stay,yes,0.07,none,30,0.05,0.1,2147483647,1,0,5,65,0.4,0.2,0.187,0.174,0.161,0.148,0.135,0.122,0.109,0.096,0.083,0.07,0.057,0.044,0.031,0.018,0.00499999999999997,0,0.453919388237409,0.453926839982159
221,left,5,leave,no,0,none,30,0.05,0.1,2147483647,1,0,5,65,0.4,0.2,0.187,0.174,0.161,0.148,0.135,0.122,0.109,0.096,0.083,0.07,0.057,0.044,0.031,0.018,0.00499999999999997,0,0.45394526340533,0.45403885806445
222,right,5,stay,yes,0.2,none,30,0.05,0.1,2147483647,1,0,5,65,0.4,0.2,0.187,0.174,0.161,0.148,0.135,0.122,0.109,0.096,0.083,0.07,0.057,0.044,0.031,0.018,0.00499999999999997,0,0.454054920934141,0.454062281292863
223,right,5,stay,yes,0.187,none,30,0.05,0.1,2147483647,1,0,5,65,0.4,0.2,0.187,0.174,0.161,0.148,0.135,0.122,0.109,0.096,0.083,0.07,0.057,0.044,0.031,0.018,0.00499999999999997,0,0.454080165713094,0.454087577294558
224,right,5,stay,yes,0.174,none,30,0.05,0.1,2147483647,1,0,5,65,0.4,0.2,0.187,0.174,0.161,0.148,0.135,0.122,0.109,0.096,0.083,0.07,0.057,0.044,0.031,0.018,0.00499999999999997,0,0.454105224460363,0.454112567356788
225,right,5,stay,yes,0.161,none,30,0.05,0.1,2147483647,1,0,5,65,0.4,0.2,0.187,0.174,0.161,0.148,0.135,0.122,0.109,0.096,0.083,0.07,0.057,0.044,0.031,0.018,0.00499999999999997,0,0.45413012849167,0.454137558233924
226,right,5,stay,yes,0.148,none,30,0.05,0.1,2147483647,1,0,5,65,0.4,0.2,0.187,0.174,0.161,0.148,0.135,0.122,0.109,0.096,0.083,0.07,0.057,0.044,0.031,0.018,0.00499999999999997,0,0.454155193991028,0.454162551090121
227,right,5,stay,yes,0.135,none,30,0.05,0.1,2147483647,1,0,5,65,0.4,0.2,0.187,0.174,0.161,0.148,0.135,0.122,0.109,0.096,0.083,0.07,0.057,0.044,0.031,0.018,0.00499999999999997,0,0.454183010617271,0.454190320451744
228,right,5,stay,yes,0.122,none,30,0.05,0.1,2147483647,1,0,5,65,0.4,0.2,0.187,0.174,0.161,0.148,0.135,0.122,0.109,0.096,0.083,0.07,0.057,0.044,0.031,0.018,0.00499999999999997,0,0.454208791838028,0.454216232523322
229,right,5,stay,yes,0.109,none,30,0.05,0.1,2147483647,1,0,5,65,0.4,0.2,0.187,0.174,0.161,0.148,0.135,0.122,0.109,0.096,0.083,0.07,0.057,0.044,0.031,0.018,0.00499999999999997,0,0.454234260483645,0.454241678118706
230,right,5,stay,yes,0.096,none,30,0.05,0.1,2147483647,1,0,5,65,0.4,0.2,0.187,0.174,0.161,0.148,0.135,0.122,0.109,0.096,0.083,0.07,0.057,0.044,0.031,0.018,0.00499999999999997,0,0.454259467544034,0.454266830696724
231,right,5,stay,yes,0.083,none,30,0.05,0.1,2147483647,1,0,5,65,0.4,0.2,0.187,0.174,0.161,0.148,0.135,0.122,0.109,0.096,0.083,0.07,0.057,0.044,0.031,0.018,0.00499999999999997,0,0.454284249921329,0.454291659058072
232,right,5,stay,yes,0.07,none,30,0.05,0.1,2147483647,1,0,5,65,0.4,0.2,0.187,0.174,0.161,0.148,0.135,0.122,0.109,0.096,0.083,0.07,0.057,0.044,0.031,0.018,0.00499999999999997,0,0.454315027105622,0.454322365112603
233,right,5,leave,no,0,none,30,0.05,0.1,2147483647,1,0,5,65,0.4,0.2,0.187,0.174,0.161,0.148,0.135,0.122,0.109,0.096,0.083,0.07,0.057,0.044,0.031,0.018,0.00499999999999997,0,0.454342912998982,0.454436703119427
234,left,5,stay,yes,0.2,none,30,0.05,0.1,2147483647,1,0,5,65,0.4,0.2,0.187,0.174,0.161,0.148,0.135,0.122,0.109,0.096,0.083,0.07,0.057,0.044,0.031,0.018,0.00499999999999997,0,0.454452656325884,0.454460120527074
235,left,5,stay,yes,0.187,none,30,0.05,0.1,2147483647,1,0,5,65,0.4,0.2,0.187,0.174,0.161,0.148,0.135,0.122,0.109,0.096,0.083,0.07,0.057,0.044,0.031,0.018,0.00499999999999997,0,0.454479911364615,0.454487267066725
236,left,5,stay,yes,0.174,none,30,0.05,0.1,2147483647,1,0,5,65,0.4,0.2,0.187,0.174,0.161,0.148,0.135,0.122,0.109,0.096,0.083,0.07,0.057,0.044,0.031,0.018,0.00499999999999997,0,0.454504796653055,0.454512103577144
237,left,5,stay,yes,0.161,none,30,0.05,0.1,2147483647,1,0,5,65,0.4,0.2,0.187,0.174,0.161,0.148,0.135,0.122,0.109,0.096,0.083,0.07,0.057,0.044,0.031,0.018,0.00499999999999997,0,0.454529912560247,0.454537247191183
238,left,5,stay,yes,0.148,none,30,0.05,0.1,2147483647,1,0,5,65,0.4,0.2,0.187,0.174,0.161,0.148,0.135,0.122,0.109,0.096,0.083,0.07,0.057,0.044,0.031,0.018,0.00499999999999997,0,0.454554879805073,0.454562243190594
239,left,5,stay,yes,0.135,none,30,0.05,0.1,2147483647,1,0,5,65,0.4,0.2,0.187,0.174,0.161,0.148,0.135,0.122,0.109,0.096,0.083,0.07,0.057,0.044,0.031,0.018,0.00499999999999997,0,0.454579549957998,0.454586924286559
240,left,5,stay,yes,0.122,none,30,0.05,0.1,2147483647,1,0,5,65,0.4,0.2,0.187,0.174,0.161,0.148,0.135,0.122,0.109,0.096,0.083,0.07,0.057,0.044,0.031,0.018,0.00499999999999997,0,0.454604576807469,0.454611907363869
241,left,5,stay,yes,0.109,none,30,0.05,0.1,2147483647,1,0,5,65,0.4,0.2,0.187,0.174,0.161,0.148,0.135,0.122,0.109,0.096,0.083,0.07,0.057,0.044,0.031,0.018,0.00499999999999997,0,0.454628516337834,0.454635824076831
242,left,5,stay,yes,0.096,none,30,0.05,0.1,2147483647,1,0,5,65,0.4,0.2,0.187,0.174,0.161,0.148,0.135,0.122,0.109,0.096,0.083,0.07,0.057,0.044,0.031,0.018,0.00499999999999997,0,0.454652718733996,0.454660047311336
243,left,5,stay,yes,0.083,none,30,0.05,0.1,2147483647,1,0,5,65,0.4,0.2,0.187,0.174,0.161,0.148,0.135,0.122,0.109,0.096,0.083,0.07,0.057,0.044,0.031,0.018,0.00499999999999997,0,0.454676653724164,0.454683955176733
244,left,5,leave,no,0,none,30,0.05,0.1,2147483647,1,0,5,65,0.4,0.2,0.187,0.174,0.161,0.148,0.135,0.122,0.109,0.096,0.083,0.07,0.057,0.044,0.031,0.018,0.00499999999999997,0,0.454712886596099,0.454805542249233
245,right,5,stay,yes,0.2,none,30,0.05,0.1,2147483647,1,0,5,65,0.4,0.2,0.187,0.174,0.161,0.148,0.135,0.122,0.109,0.096,0.083,0.07,0.057,0.044,0.031,0.018,0.00499999999999997,0,0.454821120831184,0.454828500747681
246,right,5,stay,yes,0.187,none,30,0.05,0.1,2147483647,1,0,5,65,0.4,0.2,0.187,0.174,0.161,0.148,0.135,0.122,0.109,0.096,0.083,0.07,0.057,0.044,0.031,0.018,0.00499999999999997,0,0.454846562701277,0.454853951581754
247,right,5,stay,yes,0.174,none,30,0.05,0.1,2147483647,1,0,5,65,0.4,0.2,0.187,0.174,0.161,0.148,0.135,0.122,0.109,0.096,0.083,0.07,0.057,0.044,0.031,0.018,0.00499999999999997,0,0.454871152178384,0.45487847586628
248,right,5,stay,yes,0.161,none,30,0.05,0.1,2147483647,1,0,5,65,0.4,0.2,0.187,0.174,0.161,0.148,0.135,0.122,0.109,0.096,0.083,0.07,0.057,0.044,0.031,0.018,0.00499999999999997,0,0.454896970535628,0.45490439212881
249,right,5,stay,yes,0.148,none,30,0.05,0.1,2147483647,1,0,5,65,0.4,0.2,0.187,0.174,0.161,0.148,0.135,0.122,0.109,0.096,0.083,0.07,0.057,0.044,0.031,0.018,0.00499999999999997,0,0.454922493314371,0.454929848900065
250,right,5,stay,yes,0.135,none,30,0.05,0.1,2147483647,1,0,5,65,0.4,0.2,0.187,0.174,0.161,0.148,0.135,0.122,0.109,0.096,0.083,0.07,0.057,0.044,0.031,0.018,0.00499999999999997,0,0.454947425983846,0.454954836633988
251,right,5,stay,yes,0.122,none,30,0.05,0.1,2147483647,1,0,5,65,0.4,0.2,0.187,0.174,0.161,0.148,0.135,0.122,0.109,0.096,0.083,0.07,0.057,0.044,0.031,0.018,0.00499999999999997,0,0.454972819890827,0.454980138340034
252,right,5,stay,yes,0.109,none,30,0.05,0.1,2147483647,1,0,5,65,0.4,0.2,0.187,0.174,0.161,0.148,0.135,0.122,0.109,0.096,0.083,0.07,0.057,0.044,0.031,0.018,0.00499999999999997,0,0.454997692955658,0.455005124327727
253,right,5,stay,yes,0.096,none,30,0.05,0.1,2147483647,1,0,5,65,0.4,0.2,0.187,0.174,0.161,0.148,0.135,0.122,0.109,0.096,0.083,0.07,0.057,0.044,0.031,0.018,0.00499999999999997,0,0.455022549140267,0.455029963864945
254,right,5,leave,no,0,none,30,0.05,0.1,2147483647,1,0,5,65,0.4,0.2,0.187,0.174,0.161,0.148,0.135,0.122,0.109,0.096,0.083,0.07,0.057,0.044,0.031,0.018,0.00499999999999997,0,0.455048938747495,0.45514152944088
255,left,5,stay,yes,0.2,none,30,0.05,0.1,2147483647,1,0,5,65,0.4,0.2,0.187,0.174,0.161,0.148,0.135,0.122,0.109,0.096,0.083,0.07,0.057,0.044,0.031,0.018,0.00499999999999997,0,0.455156620475464,0.455164014594629
256,left,5,stay,yes,0.187,none,30,0.05,0.1,2147483647,1,0,5,65,0.4,0.2,0.187,0.174,0.161,0.148,0.135,0.122,0.109,0.096,0.083,0.07,0.057,0.044,0.031,0.018,0.00499999999999997,0,0.45518163102679,0.455189009080641
257,left,5,stay,yes,0.174,none,30,0.05,0.1,2147483647,1,0,5,65,0.4,0.2,0.187,0.174,0.161,0.148,0.135,0.122,0.109,0.096,0.083,0.07,0.057,0.044,0.031,0.018,0.00499999999999997,0,0.455206175451167,0.455213533132337
258,left,5,stay,yes,0.161,none,30,0.05,0.1,2147483647,1,0,5,65,0.4,0.2,0.187,0.174,0.161,0.148,0.135,0.122,0.109,0.096,0.083,0.07,0.057,0.044,0.031,0.018,0.00499999999999997,0,0.45523092802614,0.455238370224833
259,left,5,stay,yes,0.148,none,30,0.05,0.1,2147483647,1,0,5,65,0.4,0.2,0.187,0.174,0.161,0.148,0.135,0.122,0.109,0.096,0.083,0.07,0.057,0.044,0.031,0.018,0.00499999999999997,0,0.455256250454113,0.455263671698049
260,left,5,stay,yes,0.135,none,30,0.05,0.1,2147483647,1,0,5,65,0.4,0.2,0.187,0.174,0.161,0.148,0.135,0.122,0.109,0.096,0.083,0.07,0.057,0.044,0.031,0.018,0.00499999999999997,0,0.455280452151783,0.455287892138585
261,left,5,stay,yes,0.122,none,30,0.05,0.1,2147483647,1,0,5,65,0.4,0.2,0.187,0.174,0.161,0.148,0.135,0.122,0.109,0.096,0.083,0.07,0.057,0.044,0.031,0.018,0.00499999999999997,0,0.455307126510888,0.455314579070546
262,left,5,stay,yes,0.109,none,30,0.05,0.1,2147483647,1,0,5,65,0.4,0.2,0.187,0.174,0.161,0.148,0.135,0.122,0.109,0.096,0.083,0.07,0.057,0.044,0.031,0.018,0.00499999999999997,0,0.455331875709817,0.455339260399342
263,left,5,stay,yes,0.096,none,30,0.05,0.1,2147483647,1,0,5,65,0.4,0.2,0.187,0.174,0.161,0.148,0.135,0.122,0.109,0.096,0.083,0.07,0.057,0.044,0.031,0.018,0.00499999999999997,0,0.455356683814898,0.455364096676931
264,left,5,stay,yes,0.083,none,30,0.05,0.1,2147483647,1,0,5,65,0.4,0.2,0.187,0.174,0.161,0.148,0.135,0.122,0.109,0.096,0.083,0.07,0.057,0.044,0.031,0.018,0.00499999999999997,0,0.455381213570945,0.455388625734486
265,left,5,stay,yes,0.07,none,30,0.05,0.1,2147483647,1,0,5,65,0.4,0.2,0.187,0.174,0.161,0.148,0.135,0.122,0.109,0.096,0.083,0.07,0.057,0.044,0.031,0.018,0.00499999999999997,0,0.45540632144548,0.455413766438141
266,left,5,leave,no,0,none,30,0.05,0.1,2147483647,1,0,5,65,0.4,0.2,0.187,0.174,0.161,0.148,0.135,0.122,0.109,0.096,0.083,0.07,0.057,0.044,0.031,0.018,0.00499999999999997,0,0.4554310295498,0.455523634562269
267,right,5,stay,yes,0.2,none,30,0.05,0.1,2147483647,1,0,5,65,0.4,0.2,0.187,0.174,0.161,0.148,0.135,0.122,0.109,0.096,0.083,0.07,0.057,0.044,0.031,0.018,0.00499999999999997,0,0.455539561575279,0.45554689806886
268,right,5,stay,yes,0.187,none,30,0.05,0.1,2147483647,1,0,5,65,0.4,0.2,0.187,0.174,0.161,0.148,0.135,0.122,0.109,0.096,0.083,0.07,0.057,0.044,0.031,0.018,0.00499999999999997,0,0.45556469692383,0.455572044244036
269,right,5,stay,yes,0.174,none,30,0.05,0.1,2147483647,1,0,5,65,0.4,0.2,0.187,0.174,0.161,0.148,0.135,0.122,0.109,0.096,0.083,0.07,0.057,0.044,0.031,0.018,0.00499999999999997,0,0.455589790712111,0.45559718622826
270,right,5,stay,yes,0.161,none,30,0.05,0.1,2147483647,1,0,5,65,0.4,0.2,0.187,0.174,0.161,0.148,0.135,0.122,0.109,0.096,0.083,0.07,0.057,0.044,0.031,0.018,0.00499999999999997,0,0.455614830018021,0.45562218001578
271,right,5,stay,yes,0.148,none,30,0.05,0.1,2147483647,1,0,5,65,0.4,0.2,0.187,0.174,0.161,0.148,0.135,0.122,0.109,0.096,0.083,0.07,0.057,0.044,0.031,0.018,0.00499999999999997,0,0.455640224507079,0.455647630849853
272,right,5,stay,yes,0.135,none,30,0.05,0.1,2147483647,1,0,5,65,0.4,0.2,0.187,0.174,0.161,0.148,0.135,0.122,0.109,0.096,0.083,0.07,0.057,0.044,0.031,0.018,0.00499999999999997,0,0.455666095600463,0.455673547810875
273,right,5,stay,yes,0.122,none,30,0.05,0.1,2147483647,1,0,5,65,0.4,0.2,0.187,0.174,0.161,0.148,0.135,0.122,0.109,0.096,0.083,0.07,0.057,0.044,0.031,0.018,0.00499999999999997,0,0.455691053532064,0.455698381410912
274,right,5,stay,yes,0.109,none,30,0.05,0.1,2147483647,1,0,5,65,0.4,0.2,0.187,0.174,0.161,0.148,0.135,0.122,0.109,0.096,0.083,0.07,0.057,0.044,0.031,0.018,0.00499999999999997,0,0.455716294818558,0.455723686260171
275,right,5,stay,yes,0.096,none,30,0.05,0.1,2147483647,1,0,5,65,0.4,0.2,0.187,0.174,0.161,0.148,0.135,0.122,0.109,0.096,0.083,0.07,0.057,0.044,0.031,0.018,0.00499999999999997,0,0.455741291167215,0.455748677952215
276,right,5,stay,yes,0.083,none,30,0.05,0.1,2147483647,1,0,5,65,0.4,0.2,0.187,0.174,0.161,0.148,0.135,0.122,0.109,0.096,0.083,0.07,0.057,0.044,0.031,0.018,0.00499999999999997,0,0.455767604173161,0.455774892936461
277,right,5,stay,yes,0.07,none,30,0.05,0.1,2147483647,1,0,5,65,0.4,0.2,0.187,0.174,0.161,0.148,0.135,0.122,0.109,0.096,0.083,0.07,0.057,0.044,0.031,0.018,0.00499999999999997,0,0.455792974331416,0.455800348427147
278,right,5,stay,yes,0.057,none,30,0.05,0.1,2147483647,1,0,5,65,0.4,0.2,0.187,0.174,0.161,0.148,0.135,0.122,0.109,0.096,0.083,0.07,0.057,0.044,0.031,0.018,0.00499999999999997,0,0.455818435526453,0.455825807992369
279,right,5,leave,no,0,none,30,0.05,0.1,2147483647,1,0,5,65,0.4,0.2,0.187,0.174,0.161,0.148,0.135,0.122,0.109,0.096,0.083,0.07,0.057,0.044,0.031,0.018,0.00499999999999997,0,0.455844610813074,0.455937211518176
280,left,5,stay,yes,0.2,none,30,0.05,0.1,2147483647,1,0,5,65,0.4,0.2,0.187,0.174,0.161,0.148,0.135,0.122,0.109,0.096,0.083,0.07,0.057,0.044,0.031,0.018,0.00499999999999997,0,0.455953162745573,0.455960475839674
281,left,5,stay,yes,0.187,none,30,0.05,0.1,2147483647,1,0,5,65,0.4,0.2,0.187,0.174,0.161,0.148,0.135,0.122,0.109,0.096,0.083,0.07,0.057,0.044,0.031,0.018,0.00499999999999997,0,0.455978386919014,0.455985770793632
282,left,5,stay,yes,0.174,none,30,0.05,0.1,2147483647,1,0,5,65,0.4,0.2,0.187,0.174,0.161,0.148,0.135,0.122,0.109,0.096,0.083,0.07,0.057,0.044,0.031,0.018,0.00499999999999997,0,0.456003244500607,0.456010605907068
283,left,5,stay,yes,0.161,none,30,0.05,0.1,2147483647,1,0,5,65,0.4,0.2,0.187,0.174,0.161,0.148,0.135,0.122,0.109,0.096,0.083,0.07,0.057,0.044,0.031,0.018,0.00499999999999997,0,0.456028061220422,0.456035444512963
284,left,5,stay,yes,0.148,none,30,0.05,0.1,2147483647,1,0,5,65,0.4,0.2,0.187,0.174,0.161,0.148,0.135,0.122,0.109,0.096,0.083,0.07,0.057,0.044,0.031,0.018,0.00499999999999997,0,0.45605245756451,0.456059815129265
285,left,5,stay,yes,0.135,none,30,0.05,0.1,2147483647,1,0,5,65,0.4,0.2,0.187,0.174,0.161,0.148,0.135,0.122,0.109,0.096,0.083,0.07,0.057,0.044,0.031,0.018,0.00499999999999997,0,0.456077581387945,0.456084965728223
286,left,5,stay,yes,0.122,none,30,0.05,0.1,2147483647,1,0,5,65,0.4,0.2,0.187,0.174,0.161,0.148,0.135,0.122,0.109,0.096,0.083,0.07,0.057,0.044,0.031,0.018,0.00499999999999997,0,0.456102216732688,0.456109644961543
287,left,5,stay,yes,0.109,none,30,0.05,0.1,2147483647,1,0,5,65,0.4,0.2,0.187,0.174,0.161,0.148,0.135,0.122,0.109,0.096,0.083,0.07,0.057,0.044,0.031,0.018,0.00499999999999997,0,0.456127394805662,0.456134787178598
288,left,5,stay,yes,0.096,none,30,0.05,0.1,2147483647,1,0,5,65,0.4,0.2,0.187,0.174,0.161,0.148,0.135,0.122,0.109,0.096,0.083,0.07,0.057,0.044,0.031,0.018,0.00499999999999997,0,0.456152024096809,0.456159469787963
289,left,5,leave,no,0,none,30,0.05,0.1,2147483647,1,0,5,65,0.4,0.2,0.187,0.174,0.161,0.148,0.135,0.122,0.109,0.096,0.083,0.07,0.057,0.044,0.031,0.018,0.00499999999999997,0,0.456177940010093,0.456270422553644
290,right,5,stay,yes,0.2,none,30,0.05,0.1,2147483647,1,0,5,65,0.4,0.2,0.187,0.174,0.161,0.148,0.135,0.122,0.109,0.096,0.083,0.07,0.057,0.044,0.031,0.018,0.00499999999999997,0,0.456374965142459,0.456382381613366
291,right,5,stay,yes,0.187,none,30,0.05,0.1,2147483647,1,0,5,65,0.4,0.2,0.187,0.174,0.161,0.148,0.135,0.122,0.109,0.096,0.083,0.07,0.057,0.044,0.031,0.018,0.00499999999999997,0,0.456399688962847,0.45640706573613
292,right,5,stay,yes,0.174,none,30,0.05,0.1,2147483647,1,0,5,65,0.4,0.2,0.187,0.174,0.161,0.148,0.135,0.122,0.109,0.096,0.083,0.07,0.057,0.044,0.031,0.018,0.00499999999999997,0,0.456425343523733,0.456432667560875
293,right,5,stay,yes,0.161,none,30,0.05,0.1,2147483647,1,0,5,65,0.4,0.2,0.187,0.174,0.161,0.148,0.135,0.122,0.109,0.096,0.083,0.07,0.057,0.044,0.031,0.018,0.00499999999999997,0,0.456451242906041,0.456458581262268
294,right,5,stay,yes,0.148,none,30,0.05,0.1,2147483647,1,0,5,65,0.4,0.2,0.187,0.174,0.161,0.148,0.135,0.122,0.109,0.096,0.083,0.07,0.057,0.044,0.031,0.018,0.00499999999999997,0,0.456476176157594,0.456483578891493
295,right,5,stay,yes,0.135,none,30,0.05,0.1,2147483647,1,0,5,65,0.4,0.2,0.187,0.174,0.161,0.148,0.135,0.122,0.109,0.096,0.083,0.07,0.057,0.044,0.031,0.018,0.00499999999999997,0,0.456502596614882,0.456509960116819
296,right,5,stay,yes,0.122,none,30,0.05,0.1,2147483647,1,0,5,65,0.4,0.2,0.187,0.174,0.161,0.148,0.135,0.122,0.109,0.096,0.083,0.07,0.057,0.044,0.031,0.018,0.00499999999999997,0,0.45652807096485,0.456535408389755
297,right,5,stay,yes,0.109,none,30,0.05,0.1,2147483647,1,0,5,65,0.4,0.2,0.187,0.174,0.161,0.148,0.135,0.122,0.109,0.096,0.083,0.07,0.057,0.044,0.031,0.018,0.00499999999999997,0,0.456553034251556,0.456560402759351
298,right,5,leave,no,0,none,30,0.05,0.1,2147483647,1,0,5,65,0.4,0.2,0.187,0.174,0.161,0.148,0.135,0.122,0.109,0.096,0.083,0.07,0.057,0.044,0.031,0.018,0.00499999999999997,0,0.456580157158896,0.456672891043127
299,left,5,stay,yes,0.2,none,30,0.05,0.1,2147483647,1,0,5,65,0.4,0.2,0.187,0.174,0.161,0.148,0.135,0.122,0.109,0.096,0.083,0.07,0.057,0.044,0.031,0.018,0.00499999999999997,0,0.456688132020645,0.456695532891899
300,left,5,stay,yes,0.187,none,30,0.05,0.1,2147483647,1,0,5,65,0.4,0.2,0.187,0.174,0.161,0.148,0.135,0.122,0.109,0.096,0.083,0.07,0.057,0.044,0.031,0.018,0.00499999999999997,0,0.45671289623715,0.456720220623538
301,left,5,stay,yes,0.174,none,30,0.05,0.1,2147483647,1,0,5,65,0.4,0.2,0.187,0.174,0.161,0.148,0.135,0.122,0.109,0.096,0.083,0.07,0.057,0.044,0.031,0.018,0.00499999999999997,0,0.456737621105276,0.456745052943006
302,left,5,stay,yes,0.161,none,30,0.05,0.1,2147483647,1,0,5,65,0.4,0.2,0.187,0.174,0.161,0.148,0.135,0.122,0.109,0.096,0.083,0.07,0.057,0.044,0.031,0.018,0.00499999999999997,0,0.456762047484517,0.456769428099506
303,left,5,stay,yes,0.148,none,30,0.05,0.1,2147483647,1,0,5,65,0.4,0.2,0.187,0.174,0.161,0.148,0.135,0.122,0.109,0.096,0.083,0.07,0.057,0.044,0.031,0.018,0.00499999999999997,0,0.456787114613689,0.456794412224554
304,left,5,stay,yes,0.135,none,30,0.05,0.1,2147483647,1,0,5,65,0.4,0.2,0.187,0.174,0.161,0.148,0.135,0.122,0.109,0.096,0.083,0.07,0.057,0.044,0.031,0.018,0.00499999999999997,0,0.456811977201141,0.456819407758303
305,left,5,stay,yes,0.122,none,30,0.05,0.1,2147483647,1,0,5,65,0.4,0.2,0.187,0.174,0.161,0.148,0.135,0.122,0.109,0.096,0.083,0.07,0.057,0.044,0.031,0.018,0.00499999999999997,0,0.456836788216606,0.456844088621438
306,left,5,stay,yes,0.109,none,30,0.05,0.1,2147483647,1,0,5,65,0.4,0.2,0.187,0.174,0.161,0.148,0.135,0.122,0.109,0.096,0.083,0.07,0.057,0.044,0.031,0.018,0.00499999999999997,0,0.456861295737326,0.456868614070117
307,left,5,stay,yes,0.096,none,30,0.05,0.1,2147483647,1,0,5,65,0.4,0.2,0.187,0.174,0.161,0.148,0.135,0.122,0.109,0.096,0.083,0.07,0.057,0.044,0.031,0.018,0.00499999999999997,0,0.456885758321732,0.456893146620132
308,left,5,stay,yes,0.083,none,30,0.05,0.1,2147483647,1,0,5,65,0.4,0.2,0.187,0.174,0.161,0.148,0.135,0.122,0.109,0.096,0.083,0.07,0.057,0.044,0.031,0.018,0.00499999999999997,0,0.456910437671468,0.456917822011746
309,left,5,stay,yes,0.07,none,30,0.05,0.1,2147483647,1,0,5,65,0.4,0.2,0.187,0.174,0.161,0.148,0.135,0.122,0.109,0.096,0.083,0.07,0.057,0.044,0.031,0.018,0.00499999999999997,0,0.456936370697804,0.45694374339655
310,left,5,stay,yes,0.057,none,30,0.05,0.1,2147483647,1,0,5,65,0.4,0.2,0.187,0.174,0.161,0.148,0.135,0.122,0.109,0.096,0.083,0.07,0.057,0.044,0.031,0.018,0.00499999999999997,0,0.456977553549223,0.456984935910441
311,left,5,stay,yes,0.044,none,30,0.05,0.1,2147483647,1,0,5,65,0.4,0.2,0.187,0.174,0.161,0.148,0.135,0.122,0.109,0.096,0.083,0.07,0.057,0.044,0.031,0.018,0.00499999999999997,0,0.457001843373291,0.457009146688506
312,left,5,leave,no,0,none,30,0.05,0.1,2147483647,1,0,5,65,0.4,0.2,0.187,0.174,0.161,0.148,0.135,0.122,0.109,0.096,0.083,0.07,0.057,0.044,0.031,0.018,0.00499999999999997,0,0.457028516801074,0.457121019833721
313,right,5,stay,yes,0.2,none,30,0.05,0.1,2147483647,1,0,5,65,0.4,0.2,0.187,0.174,0.161,0.148,0.135,0.122,0.109,0.096,0.083,0.07,0.057,0.044,0.031,0.018,0.00499999999999997,0,0.457137617398985,0.457145054941066
314,right,5,stay,yes,0.187,none,30,0.05,0.1,2147483647,1,0,5,65,0.4,0.2,0.187,0.174,0.161,0.148,0.135,0.122,0.109,0.096,0.083,0.07,0.057,0.044,0.031,0.018,0.00499999999999997,0,0.457163140410557,0.45717050798703
315,right,5,stay,yes,0.174,none,30,0.05,0.1,2147483647,1,0,5,65,0.4,0.2,0.187,0.174,0.161,0.148,0.135,0.122,0.109,0.096,0.083,0.07,0.057,0.044,0.031,0.018,0.00499999999999997,0,0.457187281688675,0.457194721093401
316,right,5,stay,yes,0.161,none,30,0.05,0.1,2147483647,1,0,5,65,0.4,0.2,0.187,0.174,0.161,0.148,0.135,0.122,0.109,0.096,0.083,0.07,0.057,0.044,0.031,0.018,0.00499999999999997,0,0.457212551031262,0.45721987367142
317,right,5,stay,yes,0.148,none,30,0.05,0.1,2147483647,1,0,5,65,0.4,0.2,0.187,0.174,0.161,0.148,0.135,0.122,0.109,0.096,0.083,0.07,0.057,0.044,0.031,0.018,0.00499999999999997,0,0.45723737962544,0.457244710763916
318,right,5,stay,yes,0.135,none,30,0.05,0.1,2147483647,1,0,5,65,0.4,0.2,0.187,0.174,0.161,0.148,0.135,0.122,0.109,0.096,0.083,0.07,0.057,0.044,0.031,0.018,0.00499999999999997,0,0.457262143841945,0.457269540289417
319,right,5,stay,yes,0.122,none,30,0.05,0.1,2147483647,1,0,5,65,0.4,0.2,0.187,0.174,0.161,0.148,0.135,0.122,0.109,0.096,0.083,0.07,0.057,0.044,0.031,0.018,0.00499999999999997,0,0.457287276047282,0.457294685649686
320,right,5,stay,yes,0.109,none,30,0.05,0.1,2147483647,1,0,5,65,0.4,0.2,0.187,0.174,0.161,0.148,0.135,0.122,0.109,0.096,0.083,0.07,0.057,0.044,0.031,0.018,0.00499999999999997,0,0.457312916754745,0.457320292713121
321,right,5,stay,yes,0.096,none,30,0.05,0.1,2147483647,1,0,5,65,0.4,0.2,0.187,0.174,0.161,0.148,0.135,0.122,0.109,0.096,0.083,0.07,0.057,0.044,0.031,0.018,0.00499999999999997,0,0.457337377592921,0.457344818278216
322,right,5,stay,yes,0.083,none,30,0.05,0.1,2147483647,1,0,5,65,0.4,0.2,0.187,0.174,0.161,0.148,0.135,0.122,0.109,0.096,0.083,0.07,0.057,0.044,0.031,0.018,0.00499999999999997,0,0.457361873821355,0.457369203912094
323,right,5,stay,yes,0.07,none,30,0.05,0.1,2147483647,1,0,5,65,0.4,0.2,0.187,0.174,0.161,0.148,0.135,0.122,0.109,0.096,0.083,0.07,0.057,0.044,0.031,0.018,0.00499999999999997,0,0.45738744654227,0.457394802360795
324,right,5,leave,no,0,none,30,0.05,0.1,2147483647,1,0,5,65,0.4,0.2,0.187,0.174,0.161,0.148,0.135,0.122,0.109,0.096,0.083,0.07,0.057,0.044,0.031,0.018,0.00499999999999997,0,0.457411619252525,0.457504208083265
325,left,5,stay,yes,0.2,none,30,0.05,0.1,2147483647,1,0,5,65,0.4,0.2,0.187,0.174,0.161,0.148,0.135,0.122,0.109,0.096,0.083,0.07,0.057,0.044,0.031,0.018,0.00499999999999997,0,0.457520787836984,0.457528086961247
326,left,5,stay,yes,0.187,none,30,0.05,0.1,2147483647,1,0,5,65,0.4,0.2,0.187,0.174,0.161,0.148,0.135,0.122,0.109,0.096,0.083,0.07,0.057,0.044,0.031,0.018,0.00499999999999997,0,0.457545875338838,0.457553230458871
327,left,5,stay,yes,0.174,none,30,0.05,0.1,2147483647,1,0,5,65,0.4,0.2,0.187,0.174,0.161,0.148,0.135,0.122,0.109,0.096,0.083,0.07,0.057,0.044,0.031,0.018,0.00499999999999997,0,0.457573308376595,0.457580690272152
328,left,5,stay,yes,0.161,none,30,0.05,0.1,2147483647,1,0,5,65,0.4,0.2,0.187,0.174,0.161,0.148,0.135,0.122,0.109,0.096,0.083,0.07,0.057,0.044,0.031,0.018,0.00499999999999997,0,0.457598028588109,0.457605374976993
329,left,5,stay,yes,0.148,none,30,0.05,0.1,2147483647,1,0,5,65,0.4,0.2,0.187,0.174,0.161,0.148,0.135,0.122,0.109,0.096,0.083,0.07,0.057,0.044,0.031,0.018,0.00499999999999997,0,0.457621995126829,0.457629437558353
330,left,5,stay,yes,0.135,none,30,0.05,0.1,2147483647,1,0,5,65,0.4,0.2,0.187,0.174,0.161,0.148,0.135,0.122,0.109,0.096,0.083,0.07,0.057,0.044,0.031,0.018,0.00499999999999997,0,0.457646847702563,0.457654271973297
331,left,5,stay,yes,0.122,none,30,0.05,0.1,2147483647,1,0,5,65,0.4,0.2,0.187,0.174,0.161,0.148,0.135,0.122,0.109,0.096,0.083,0.07,0.057,0.044,0.031,0.018,0.00499999999999997,0,0.457671342301182,0.457678644102998
332,left,5,stay,yes,0.109,none,30,0.05,0.1,2147483647,1,0,5,65,0.4,0.2,0.187,0.174,0.161,0.148,0.135,0.122,0.109,0.096,0.083,0.07,0.057,0.044,0.031,0.018,0.00499999999999997,0,0.457695892662741,0.457703330437653
333,left,5,stay,yes,0.096,none,30,0.05,0.1,2147483647,1,0,5,65,0.4,0.2,0.187,0.174,0.161,0.148,0.135,0.122,0.109,0.096,0.083,0.07,0.057,0.044,0.031,0.018,0.00499999999999997,0,0.457720328355208,0.457727704429999
334,left,5,stay,yes,0.083,none,30,0.05,0.1,2147483647,1,0,5,65,0.4,0.2,0.187,0.174,0.161,0.148,0.135,0.122,0.109,0.096,0.083,0.07,0.057,0.044,0.031,0.018,0.00499999999999997,0,0.457745784893632,0.457753153983504
335,left,5,stay,yes,0.07,none,30,0.05,0.1,2147483647,1,0,5,65,0.4,0.2,0.187,0.174,0.161,0.148,0.135,0.122,0.109,0.096,0.083,0.07,0.057,0.044,0.031,0.018,0.00499999999999997,0,0.457774166483432,0.457781539531425
336,left,5,leave,no,0,none,30,0.05,0.1,2147483647,1,0,5,65,0.4,0.2,0.187,0.174,0.161,0.148,0.135,0.122,0.109,0.096,0.083,0.07,0.057,0.044,0.031,0.018,0.00499999999999997,0,0.457815902656876,0.457908526062965
337,right,5,stay,yes,0.2,none,30,0.05,0.1,2147483647,1,0,5,65,0.4,0.2,0.187,0.174,0.161,0.148,0.135,0.122,0.109,0.096,0.083,0.07,0.057,0.044,0.031,0.018,0.00499999999999997,0,0.457925818511285,0.457933175726794
338,right,5,stay,yes,0.187,none,30,0.05,0.1,2147483647,1,0,5,65,0.4,0.2,0.187,0.174,0.161,0.148,0.135,0.122,0.109,0.096,0.083,0.07,0.057,0.044,0.031,0.018,0.00499999999999997,0,0.457950613461435,0.457958018174395
339,right,5,stay,yes,0.174,none,30,0.05,0.1,2147483647,1,0,5,65,0.4,0.2,0.187,0.174,0.161,0.148,0.135,0.122,0.109,0.096,0.083,0.07,0.057,0.044,0.031,0.018,0.00499999999999997,0,0.457976224832237,0.457983620697632
340,right,5,stay,yes,0.161,none,30,0.05,0.1,2147483647,1,0,5,65,0.4,0.2,0.187,0.174,0.161,0.148,0.135,0.122,0.109,0.096,0.083,0.07,0.057,0.044,0.031,0.018,0.00499999999999997,0,0.458001465769485,0.458008770830929
341,right,5,stay,yes,0.148,none,30,0.05,0.1,2147483647,1,0,5,65,0.4,0.2,0.187,0.174,0.161,0.148,0.135,0.122,0.109,0.096,0.083,0.07,0.057,0.044,0.031,0.018,0.00499999999999997,0,0.458026639185846,0.458034067880362
342,right,5,stay,yes,0.135,none,30,0.05,0.1,2147483647,1,0,5,65,0.4,0.2,0.187,0.174,0.161,0.148,0.135,0.122,0.109,0.096,0.083,0.07,0.057,0.044,0.031,0.018,0.00499999999999997,0,0.458051995723508,0.45805936679244
343,right,5,stay,yes,0.122,,30,0.05,0.1,2147483647,1,0,5,65,0.4,0.2,0.187,0.174,0.161,0.148,0.135,0.122,0.109,0.096,0.083,0.07,0.057,0.044,0.031,0.018,0.00499999999999997,0,0.458086101454683,0.458093465655111
344,right,5,stay,yes,0.109,none,30,0.05,0.1,2147483647,1,0,5,65,0.4,0.2,0.187,0.174,0.161,0.148,0.135,0.122,0.109,0.096,0.083,0.07,0.057,0.044,0.031,0.018,0.00499999999999997,0,0.45813121588435,0.45813866017852
345,right,5,stay,yes,0.096,none,30,0.05,0.1,2147483647,1,0,5,65,0.4,0.2,0.187,0.174,0.161,0.148,0.135,0.122,0.109,0.096,0.083,0.07,0.057,0.044,0.031,0.018,0.00499999999999997,0,0.458233810728416,0.458241240005009
346,right,5,stay,yes,0.083,none,30,0.05,0.1,2147483647,1,0,5,65,0.4,0.2,0.187,0.174,0.161,0.148,0.135,0.122,0.109,0.096,0.083,0.07,0.057,0.044,0.031,0.018,0.00499999999999997,0,0.458264768589288,0.458272095071152
347,right,5,leave,no,0,none,30,0.05,0.1,2147483647,1,0,5,65,0.4,0.2,0.187,0.174,0.161,0.148,0.135,0.122,0.109,0.096,0.083,0.07,0.057,0.044,0.031,0.018,0.00499999999999997,0,0.458290479611605,0.458383662160486
348,left,5,stay,yes,0.2,none,30,0.05,0.1,2147483647,1,0,5,65,0.4,0.2,0.187,0.174,0.161,0.148,0.135,0.122,0.109,0.096,0.083,0.07,0.057,0.044,0.031,0.018,0.00499999999999997,0,0.458399532595649,0.458406925550662
349,left,5,stay,yes,0.187,none,30,0.05,0.1,2147483647,1,0,5,65,0.4,0.2,0.187,0.174,0.161,0.148,0.135,0.122,0.109,0.096,0.083,0.07,0.057,0.044,0.031,0.018,0.00499999999999997,0,0.458424239885062,0.458431601640768
350,left,5,stay,yes,0.174,none,30,0.05,0.1,2147483647,1,0,5,65,0.4,0.2,0.187,0.174,0.161,0.148,0.135,0.122,0.109,0.096,0.083,0.07,0.057,0.044,0.031,0.018,0.00499999999999997,0,0.458449351601303,0.458456746768206
351,left,5,stay,yes,0.161,,30,0.05,0.1,2147483647,1,0,5,65,0.4,0.2,0.187,0.174,0.161,0.148,0.135,0.122,0.109,0.096,0.083,0.07,0.057,0.044,0.031,0.018,0.00499999999999997,0,0.458478901535273,0.458486212883145
352,left,5,stay,yes,0.148,none,30,0.05,0.1,2147483647,1,0,5,65,0.4,0.2,0.187,0.174,0.161,0.148,0.135,0.122,0.109,0.096,0.083,0.07,0.057,0.044,0.031,0.018,0.00499999999999997,0,0.458503601374105,0.458511046948843
353,left,5,stay,yes,0.135,none,30,0.05,0.1,2147483647,1,0,5,65,0.4,0.2,0.187,0.174,0.161,0.148,0.135,0.122,0.109,0.096,0.083,0.07,0.057,0.044,0.031,0.018,0.00499999999999997,0,0.458528484567069,0.458535877522081
354,left,5,stay,yes,0.122,none,30,0.05,0.1,2147483647,1,0,5,65,0.4,0.2,0.187,0.174,0.161,0.148,0.135,0.122,0.109,0.096,0.083,0.07,0.057,0.044,0.031,0.018,0.00499999999999997,0,0.458552276017144,0.458559636259452
355,left,5,stay,yes,0.109,none,30,0.05,0.1,2147483647,1,0,5,65,0.4,0.2,0.187,0.174,0.161,0.148,0.135,0.122,0.109,0.096,0.083,0.07,0.057,0.044,0.031,0.018,0.00499999999999997,0,0.458576927310787,0.458584323292598
356,left,5,stay,yes,0.096,none,30,0.05,0.1,2147483647,1,0,5,65,0.4,0.2,0.187,0.174,0.161,0.148,0.135,0.122,0.109,0.096,0.083,0.07,0.057,0.044,0.031,0.018,0.00499999999999997,0,0.458601409336552,0.45860885141883
357,left,5,stay,yes,0.083,none,30,0.05,0.1,2147483647,1,0,5,65,0.4,0.2,0.187,0.174,0.161,0.148,0.135,0.122,0.109,0.096,0.083,0.07,0.057,0.044,0.031,0.018,0.00499999999999997,0,0.458625300205313,0.458632600144483
358,left,5,stay,yes,0.07,none,30,0.05,0.1,2147483647,1,0,5,65,0.4,0.2,0.187,0.174,0.161,0.148,0.135,0.122,0.109,0.096,0.083,0.07,0.057,0.044,0.031,0.018,0.00499999999999997,0,0.458651395398192,0.458658831659704
359,left,5,leave,no,0,none,30,0.05,0.1,2147483647,1,0,5,65,0.4,0.2,0.187,0.174,0.161,0.148,0.135,0.122,0.109,0.096,0.083,0.07,0.057,0.044,0.031,0.018,0.00499999999999997,0,0.458685033605434,0.458777648513205
360,right,5,stay,yes,0.2,none,30,0.05,0.1,2147483647,1,0,5,65,0.4,0.2,0.187,0.174,0.161,0.148,0.135,0.122,0.109,0.096,0.083,0.07,0.057,0.044,0.031,0.018,0.00499999999999997,0,0.458793137222528,0.458800752996467
361,right,5,stay,yes,0.187,none,30,0.05,0.1,2147483647,1,0,5,65,0.4,0.2,0.187,0.174,0.161,0.148,0.135,0.122,0.109,0.096,0.083,0.07,0.057,0.044,0.031,0.018,0.00499999999999997,0,0.458817945676856,0.458825276698917
362,right,5,stay,yes,0.174,none,30,0.05,0.1,2147483647,1,0,5,65,0.4,0.2,0.187,0.174,0.161,0.148,0.135,0.122,0.109,0.096,0.083,0.07,0.057,0.044,0.031,0.018,0.00499999999999997,0,0.458842974738218,0.458850425085984
363,right,5,stay,yes,0.161,none,30,0.05,0.1,2147483647,1,0,5,65,0.4,0.2,0.187,0.174,0.161,0.148,0.135,0.122,0.109,0.096,0.083,0.07,0.057,0.044,0.031,0.018,0.00499999999999997,0,0.458868116955273,0.458875568350777
364,right,5,stay,yes,0.148,none,30,0.05,0.1,2147483647,1,0,5,65,0.4,0.2,0.187,0.174,0.161,0.148,0.135,0.122,0.109,0.096,0.083,0.07,0.057,0.044,0.031,0.018,0.00499999999999997,0,0.458892219117843,0.458899632445537
365,right,5,stay,yes,0.135,none,30,0.05,0.1,2147483647,1,0,5,65,0.4,0.2,0.187,0.174,0.161,0.148,0.135,0.122,0.109,0.096,0.083,0.07,0.057,0.044,0.031,0.018,0.00499999999999997,0,0.458932987297885,0.458940357668325
366,right,5,stay,yes,0.122,none,30,0.05,0.1,2147483647,1,0,5,65,0.4,0.2,0.187,0.174,0.161,0.148,0.135,0.122,0.109,0.096,0.083,0.07,0.057,0.044,0.031,0.018,0.00499999999999997,0,0.458957454422489,0.458964885096066
367,right,5,stay,yes,0.109,none,30,0.05,0.1,2147483647,1,0,5,65,0.4,0.2,0.187,0.174,0.161,0.148,0.135,0.122,0.109,0.096,0.083,0.07,0.057,0.044,0.031,0.018,0.00499999999999997,0,0.458983415155672,0.458990798797458
368,right,5,stay,yes,0.096,none,30,0.05,0.1,2147483647,1,0,5,65,0.4,0.2,0.187,0.174,0.161,0.148,0.135,0.122,0.109,0.096,0.083,0.07,0.057,0.044,0.031,0.018,0.00499999999999997,0,0.459010536898859,0.459017948713154
369,right,5,stay,yes,0.083,none,30,0.05,0.1,2147483647,1,0,5,65,0.4,0.2,0.187,0.174,0.161,0.148,0.135,0.122,0.109,0.096,0.083,0.07,0.057,0.044,0.031,0.018,0.00499999999999997,0,0.459036563173868,0.459044025046751
370,right,5,leave,no,0,none,30,0.05,0.1,2147483647,1,0,5,65,0.4,0.2,0.187,0.174,0.161,0.148,0.135,0.122,0.109,0.096,0.083,0.07,0.057,0.044,0.031,0.018,0.00499999999999997,0,0.45906179654412,0.459154356038198
371,left,5,stay,yes,0.2,none,30,0.05,0.1,2147483647,1,0,5,65,0.4,0.2,0.187,0.174,0.161,0.148,0.135,0.122,0.109,0.096,0.083,0.07,0.057,0.044,0.031,0.018,0.00499999999999997,0,0.459172080620192,0.459179460071027
372,left,5,stay,yes,0.187,none,30,0.05,0.1,2147483647,1,0,5,65,0.4,0.2,0.187,0.174,0.161,0.148,0.135,0.122,0.109,0.096,0.083,0.07,0.057,0.044,0.031,0.018,0.00499999999999997,0,0.4591981517151,0.459205533727072
373,left,5,stay,yes,0.174,none,30,0.05,0.1,2147483647,1,0,5,65,0.4,0.2,0.187,0.174,0.161,0.148,0.135,0.122,0.109,0.096,0.083,0.07,0.057,0.044,0.031,0.018,0.00499999999999997,0,0.45922351279296,0.459230834618211
374,left,5,stay,yes,0.161,,30,0.05,0.1,2147483647,1,0,5,65,0.4,0.2,0.187,0.174,0.161,0.148,0.135,0.122,0.109,0.096,0.083,0.07,0.057,0.044,0.031,0.018,0.00499999999999997,0,0.459253706969321,0.459261071286164
375,left,5,stay,yes,0.148,none,30,0.05,0.1,2147483647,1,0,5,65,0.4,0.2,0.187,0.174,0.161,0.148,0.135,0.122,0.109,0.096,0.083,0.07,0.057,0.044,0.031,0.018,0.00499999999999997,0,0.459279468981549,0.459286838886328
376,left,5,stay,yes,0.135,none,30,0.05,0.1,2147483647,1,0,5,65,0.4,0.2,0.187,0.174,0.161,0.148,0.135,0.122,0.109,0.096,0.083,0.07,0.057,0.044,0.031,0.018,0.00499999999999997,0,0.45930407452397,0.459311513928697
377,left,5,stay,yes,0.122,none,30,0.05,0.1,2147483647,1,0,5,65,0.4,0.2,0.187,0.174,0.161,0.148,0.135,0.122,0.109,0.096,0.083,0.07,0.057,0.044,0.031,0.018,0.00499999999999997,0,0.4593286087038,0.459336037863977
378,left,5,stay,yes,0.109,none,30,0.05,0.1,2147483647,1,0,5,65,0.4,0.2,0.187,0.174,0.161,0.148,0.135,0.122,0.109,0.096,0.083,0.07,0.057,0.044,0.031,0.018,0.00499999999999997,0,0.459353805636056,0.459361188230105
379,left,5,stay,yes,0.096,none,30,0.05,0.1,2147483647,1,0,5,65,0.4,0.2,0.187,0.174,0.161,0.148,0.135,0.122,0.109,0.096,0.083,0.07,0.057,0.044,0.031,0.018,0.00499999999999997,0,0.459379137377255,0.459386480273679
380,left,5,stay,yes,0.083,none,30,0.05,0.1,2147483647,1,0,5,65,0.4,0.2,0.187,0.174,0.161,0.148,0.135,0.122,0.109,0.096,0.083,0.07,0.057,0.044,0.031,0.018,0.00499999999999997,0,0.459404434310272,0.45941178582143
381,left,5,stay,yes,0.07,none,30,0.05,0.1,2147483647,1,0,5,65,0.4,0.2,0.187,0.174,0.161,0.148,0.135,0.122,0.109,0.096,0.083,0.07,0.057,0.044,0.031,0.018,0.00499999999999997,0,0.459431344643235,0.459438778460026
382,left,5,leave,no,0,none,30,0.05,0.1,2147483647,1,0,5,65,0.4,0.2,0.187,0.174,0.161,0.148,0.135,0.122,0.109,0.096,0.083,0.07,0.057,0.044,0.031,0.018,0.00499999999999997,0,0.459455984761007,0.459548490354791
383,right,5,stay,yes,0.2,none,30,0.05,0.1,2147483647,1,0,5,65,0.4,0.2,0.187,0.174,0.161,0.148,0.135,0.122,0.109,0.096,0.083,0.07,0.057,0.044,0.031,0.018,0.00499999999999997,0,0.459563743788749,0.45957113453187
384,right,5,stay,yes,0.187,none,30,0.05,0.1,2147483647,1,0,5,65,0.4,0.2,0.187,0.174,0.161,0.148,0.135,0.122,0.109,0.096,0.083,0.07,0.057,0.044,0.031,0.018,0.00499999999999997,0,0.459589068545029,0.45959643740207
385,right,5,stay,yes,0.174,none,30,0.05,0.1,2147483647,1,0,5,65,0.4,0.2,0.187,0.174,0.161,0.148,0.135,0.122,0.109,0.096,0.083,0.07,0.057,0.044,0.031,0.018,0.00499999999999997,0,0.459614193998277,0.459621581016108
386,right,5,stay,yes,0.161,none,30,0.05,0.1,2147483647,1,0,5,65,0.4,0.2,0.187,0.174,0.161,0.148,0.135,0.122,0.109,0.096,0.083,0.07,0.057,0.044,0.031,0.018,0.00499999999999997,0,0.459638679283671,0.459646103088744
387,right,5,stay,yes,0.148,none,30,0.05,0.1,2147483647,1,0,5,65,0.4,0.2,0.187,0.174,0.161,0.148,0.135,0.122,0.109,0.096,0.083,0.07,0.057,0.044,0.031,0.018,0.00499999999999997,0,0.459664650028571,0.459672020981088
388,right,5,stay,yes,0.135,none,30,0.05,0.1,2147483647,1,0,5,65,0.4,0.2,0.187,0.174,0.161,0.148,0.135,0.122,0.109,0.096,0.083,0.07,0.057,0.044,0.031,0.018,0.00499999999999997,0,0.459690054995008,0.459697476006113
389,right,5,stay,yes,0.122,none,30,0.05,0.1,2147483647,1,0,5,65,0.4,0.2,0.187,0.174,0.161,0.148,0.135,0.122,0.109,0.096,0.083,0.07,0.057,0.044,0.031,0.018,0.00499999999999997,0,0.459716077428311,0.459723391220905
390,right,5,stay,yes,0.109,none,30,0.05,0.1,2147483647,1,0,5,65,0.4,0.2,0.187,0.174,0.161,0.148,0.135,0.122,0.109,0.096,0.083,0.07,0.057,0.044,0.031,0.018,0.00499999999999997,0,0.459741691476665,0.459748997818679
391,right,5,stay,yes,0.096,none,30,0.05,0.1,2147483647,1,0,5,65,0.4,0.2,0.187,0.174,0.161,0.148,0.135,0.122,0.109,0.096,0.083,0.07,0.057,0.044,0.031,0.018,0.00499999999999997,0,0.459767477936111,0.45977491280064
392,right,5,leave,no,0,none,30,0.05,0.1,2147483647,1,0,5,65,0.4,0.2,0.187,0.174,0.161,0.148,0.135,0.122,0.109,0.096,0.083,0.07,0.057,0.044,0.031,0.018,0.00499999999999997,0,0.459794655209407,0.459887250559404
393,left,5,stay,yes,0.2,none,30,0.05,0.1,2147483647,1,0,5,65,0.4,0.2,0.187,0.174,0.161,0.148,0.135,0.122,0.109,0.096,0.083,0.07,0.057,0.044,0.031,0.018,0.00499999999999997,0,0.459902169415727,0.459909584373236
394,left,5,stay,yes,0.187,none,30,0.05,0.1,2147483647,1,0,5,65,0.4,0.2,0.187,0.174,0.161,0.148,0.135,0.122,0.109,0.096,0.083,0.07,0.057,0.044,0.031,0.018,0.00499999999999997,0,0.459928763797507,0.459936122177169
395,left,5,stay,yes,0.174,none,30,0.05,0.1,2147483647,1,0,5,65,0.4,0.2,0.187,0.174,0.161,0.148,0.135,0.122,0.109,0.096,0.083,0.07,0.057,0.044,0.031,0.018,0.00499999999999997,0,0.459957343526185,0.459964660345577
396,left,5,stay,yes,0.161,none,30,0.05,0.1,2147483647,1,0,5,65,0.4,0.2,0.187,0.174,0.161,0.148,0.135,0.122,0.109,0.096,0.083,0.07,0.057,0.044,0.031,0.018,0.00499999999999997,0,0.459983480279334,0.459990882081911
397,left,5,stay,yes,0.148,none,30,0.05,0.1,2147483647,1,0,5,65,0.4,0.2,0.187,0.174,0.161,0.148,0.135,0.122,0.109,0.096,0.083,0.07,0.057,0.044,0.031,0.018,0.00499999999999997,0,0.460008078836836,0.46001541079022
398,left,5,stay,yes,0.135,none,30,0.05,0.1,2147483647,1,0,5,65,0.4,0.2,0.187,0.174,0.161,0.148,0.135,0.122,0.109,0.096,0.083,0.07,0.057,0.044,0.031,0.018,0.00499999999999997,0,0.460033662384376,0.460041019599885
399,left,5,stay,yes,0.122,none,30,0.05,0.1,2147483647,1,0,5,65,0.4,0.2,0.187,0.174,0.161,0.148,0.135,0.122,0.109,0.096,0.083,0.07,0.057,0.044,0.031,0.018,0.00499999999999997,0,0.460061613819562,0.460068944143131
400,left,5,stay,yes,0.109,none,30,0.05,0.1,2147483647,1,0,5,65,0.4,0.2,0.187,0.174,0.161,0.148,0.135,0.122,0.109,0.096,0.083,0.07,0.057,0.044,0.031,0.018,0.00499999999999997,0,0.460086719598621,0.46009408228565
401,left,5,stay,yes,0.096,none,30,0.05,0.1,2147483647,1,0,5,65,0.4,0.2,0.187,0.174,0.161,0.148,0.135,0.122,0.109,0.096,0.083,0.07,0.057,0.044,0.031,0.018,0.00499999999999997,0,0.460116173722781,0.46012355084531
402,left,5,leave,no,0,none,30,0.05,0.1,2147483647,1,0,5,65,0.4,0.2,0.187,0.174,0.161,0.148,0.135,0.122,0.109,0.096,0.083,0.07,0.057,0.044,0.031,0.018,0.00499999999999997,0,0.460141508141533,0.460234496043995
403,right,5,stay,yes,0.2,none,30,0.05,0.1,2147483647,1,0,5,65,0.4,0.2,0.187,0.174,0.161,0.148,0.135,0.122,0.109,0.096,0.083,0.07,0.057,0.044,0.031,0.018,0.00499999999999997,0,0.460251001524739,0.460258373757824
404,right,5,stay,yes,0.187,none,30,0.05,0.1,2147483647,1,0,5,65,0.4,0.2,0.187,0.174,0.161,0.148,0.135,0.122,0.109,0.096,0.083,0.07,0.057,0.044,0.031,0.018,0.00499999999999997,0,0.460277813836001,0.460285217734054
405,right,5,stay,yes,0.174,none,30,0.05,0.1,2147483647,1,0,5,65,0.4,0.2,0.187,0.174,0.161,0.148,0.135,0.122,0.109,0.096,0.083,0.07,0.057,0.044,0.031,0.018,0.00499999999999997,0,0.460303400293924,0.460310823051259
406,right,5,stay,yes,0.161,none,30,0.05,0.1,2147483647,1,0,5,65,0.4,0.2,0.187,0.174,0.161,0.148,0.135,0.122,0.109,0.096,0.083,0.07,0.057,0.044,0.031,0.018,0.00499999999999997,0,0.460328720742837,0.460336129297502
407,right,5,stay,yes,0.148,none,30,0.05,0.1,2147483647,1,0,5,65,0.4,0.2,0.187,0.174,0.161,0.148,0.135,0.122,0.109,0.096,0.083,0.07,0.057,0.044,0.031,0.018,0.00499999999999997,0,0.460353102069348,0.460360499913804
408,right,5,stay,yes,0.135,none,30,0.05,0.1,2147483647,1,0,5,65,0.4,0.2,0.187,0.174,0.161,0.148,0.135,0.122,0.109,0.096,0.083,0.07,0.057,0.044,0.031,0.018,0.00499999999999997,0,0.460377400158904,0.46038471290376
409,right,5,stay,yes,0.122,none,30,0.05,0.1,2147483647,1,0,5,65,0.4,0.2,0.187,0.174,0.161,0.148,0.135,0.122,0.109,0.096,0.083,0.07,0.057,0.044,0.031,0.018,0.00499999999999997,0,0.4604033078067,0.46041063289158
410,right,5,stay,yes,0.109,none,30,0.05,0.1,2147483647,1,0,5,65,0.4,0.2,0.187,0.174,0.161,0.148,0.135,0.122,0.109,0.096,0.083,0.07,0.057,0.044,0.031,0.018,0.00499999999999997,0,0.460427782847546,0.460435162298381
411,right,5,stay,yes,0.096,none,30,0.05,0.1,2147483647,1,0,5,65,0.4,0.2,0.187,0.174,0.161,0.148,0.135,0.122,0.109,0.096,0.083,0.07,0.057,0.044,0.031,0.018,0.00499999999999997,0,0.460453149862587,0.460460460861214
412,right,5,stay,yes,0.083,none,30,0.05,0.1,2147483647,1,0,5,65,0.4,0.2,0.187,0.174,0.161,0.148,0.135,0.122,0.109,0.096,0.083,0.07,0.057,0.044,0.031,0.018,0.00499999999999997,0,0.460478514549322,0.460485909599811
413,right,5,leave,no,0,none,30,0.05,0.1,2147483647,1,0,5,65,0.4,0.2,0.187,0.174,0.161,0.148,0.135,0.122,0.109,0.096,0.083,0.07,0.057,0.044,0.031,0.018,0.00499999999999997,0,0.460518546984531,0.460611051064916
414,left,5,stay,yes,0.2,none,30,0.05,0.1,2147483647,1,0,5,65,0.4,0.2,0.187,0.174,0.161,0.148,0.135,0.122,0.109,0.096,0.083,0.07,0.057,0.044,0.031,0.018,0.00499999999999997,0,0.460626553162001,0.460634001297876
415,left,5,stay,yes,0.187,none,30,0.05,0.1,2147483647,1,0,5,65,0.4,0.2,0.187,0.174,0.161,0.148,0.135,0.122,0.109,0.096,0.083,0.07,0.057,0.044,0.031,0.018,0.00499999999999997,0,0.460650998400524,0.460658375290222
416,left,5,stay,yes,0.174,none,30,0.05,0.1,2147483647,1,0,5,65,0.4,0.2,0.187,0.174,0.161,0.148,0.135,0.122,0.109,0.096,0.083,0.07,0.057,0.044,0.031,0.018,0.00499999999999997,0,0.460676119313575,0.460683524026535
417,left,5,stay,yes,0.161,none,30,0.05,0.1,2147483647,1,0,5,65,0.4,0.2,0.187,0.174,0.161,0.148,0.135,0.122,0.109,0.096,0.083,0.07,0.057,0.044,0.031,0.018,0.00499999999999997,0,0.46070115279872,0.460708508617245
418,left,5,stay,yes,0.148,none,30,0.05,0.1,2147483647,1,0,5,65,0.4,0.2,0.187,0.174,0.161,0.148,0.135,0.122,0.109,0.096,0.083,0.07,0.057,0.044,0.031,0.018,0.00499999999999997,0,0.460726402932778,0.460733807878569
419,left,5,stay,yes,0.135,none,30,0.05,0.1,2147483647,1,0,5,65,0.4,0.2,0.187,0.174,0.161,0.148,0.135,0.122,0.109,0.096,0.083,0.07,0.057,0.044,0.031,0.018,0.00499999999999997,0,0.460751352249645,0.460758801084012
420,left,5,stay,yes,0.122,none,30,0.05,0.1,2147483647,1,0,5,65,0.4,0.2,0.187,0.174,0.161,0.148,0.135,0.122,0.109,0.096,0.083,0.07,0.057,0.044,0.031,0.018,0.00499999999999997,0,0.460775921586901,0.460783327231184
421,left,5,stay,yes,0.109,none,30,0.05,0.1,2147483647,1,0,5,65,0.4,0.2,0.187,0.174,0.161,0.148,0.135,0.122,0.109,0.096,0.083,0.07,0.057,0.044,0.031,0.018,0.00499999999999997,0,0.460801227600314,0.460808630799875
422,left,5,stay,yes,0.096,none,30,0.05,0.1,2147483647,1,0,5,65,0.4,0.2,0.187,0.174,0.161,0.148,0.135,0.122,0.109,0.096,0.083,0.07,0.057,0.044,0.031,0.018,0.00499999999999997,0,0.460825766786002,0.460833152523264
423,left,5,stay,yes,0.083,none,30,0.05,0.1,2147483647,1,0,5,65,0.4,0.2,0.187,0.174,0.161,0.148,0.135,0.122,0.109,0.096,0.083,0.07,0.057,0.044,0.031,0.018,0.00499999999999997,0,0.460850753588602,0.460858149337582
424,left,5,stay,yes,0.07,none,30,0.05,0.1,2147483647,1,0,5,65,0.4,0.2,0.187,0.174,0.161,0.148,0.135,0.122,0.109,0.096,0.083,0.07,0.057,0.044,0.031,0.018,0.00499999999999997,0,0.460877297446132,0.460884676547721
425,left,5,leave,no,0,none,30,0.05,0.1,2147483647,1,0,5,65,0.4,0.2,0.187,0.174,0.161,0.148,0.135,0.122,0.109,0.096,0.083,0.07,0.057,0.044,0.031,0.018,0.00499999999999997,0,0.460904503474012,0.46099701221101
426,right,5,stay,yes,0.2,none,30,0.05,0.1,2147483647,1,0,5,65,0.4,0.2,0.187,0.174,0.161,0.148,0.135,0.122,0.109,0.096,0.083,0.07,0.057,0.044,0.031,0.018,0.00499999999999997,0,0.461012910818681,0.461020279675722
427,right,5,stay,yes,0.187,none,30,0.05,0.1,2147483647,1,0,5,65,0.4,0.2,0.187,0.174,0.161,0.148,0.135,0.122,0.109,0.096,0.083,0.07,0.057,0.044,0.031,0.018,0.00499999999999997,0,0.461039477493614,0.46104680839926
428,right,5,stay,yes,0.174,none,30,0.05,0.1,2147483647,1,0,5,65,0.4,0.2,0.187,0.174,0.161,0.148,0.135,0.122,0.109,0.096,0.083,0.07,0.057,0.044,0.031,0.018,0.00499999999999997,0,0.46106407395564,0.461071488331072
429,right,5,stay,yes,0.161,none,30,0.05,0.1,2147483647,1,0,5,65,0.4,0.2,0.187,0.174,0.161,0.148,0.135,0.122,0.109,0.096,0.083,0.07,0.057,0.044,0.031,0.018,0.00499999999999997,0,0.461089157033712,0.461096478509717
430,right,5,stay,yes,0.148,none,30,0.05,0.1,2147483647,1,0,5,65,0.4,0.2,0.187,0.174,0.161,0.148,0.135,0.122,0.109,0.096,0.083,0.07,0.057,0.044,0.031,0.018,0.00499999999999997,0,0.461114292847924,0.461121630039997
431,right,5,stay,yes,0.135,none,30,0.05,0.1,2147483647,1,0,5,65,0.4,0.2,0.187,0.174,0.161,0.148,0.135,0.122,0.109,0.096,0.083,0.07,0.057,0.044,0.031,0.018,0.00499999999999997,0,0.461139427032322,0.461146772839129
432,right,5,stay,yes,0.122,none,30,0.05,0.1,2147483647,1,0,5,65,0.4,0.2,0.187,0.174,0.161,0.148,0.135,0.122,0.109,0.096,0.083,0.07,0.057,0.044,0.031,0.018,0.00499999999999997,0,0.461164399865083,0.461171763134189
433,right,5,stay,yes,0.109,none,30,0.05,0.1,2147483647,1,0,5,65,0.4,0.2,0.187,0.174,0.161,0.148,0.135,0.122,0.109,0.096,0.083,0.07,0.057,0.044,0.031,0.018,0.00499999999999997,0,0.461188973044045,0.461196288000792
434,right,5,stay,yes,0.096,none,30,0.05,0.1,2147483647,1,0,5,65,0.4,0.2,0.187,0.174,0.161,0.148,0.135,0.122,0.109,0.096,0.083,0.07,0.057,0.044,0.031,0.018,0.00499999999999997,0,0.461214022012427,0.461221435689367
435,right,5,stay,yes,0.083,none,30,0.05,0.1,2147483647,1,0,5,65,0.4,0.2,0.187,0.174,0.161,0.148,0.135,0.122,0.109,0.096,0.083,0.07,0.057,0.044,0.031,0.018,0.00499999999999997,0,0.461239836411551,0.461247198632918
436,right,5,stay,yes,0.07,none,30,0.05,0.1,2147483647,1,0,5,65,0.4,0.2,0.187,0.174,0.161,0.148,0.135,0.122,0.109,0.096,0.083,0.07,0.057,0.044,0.031,0.018,0.00499999999999997,0,0.461265030200593,0.461272340500727
437,right,5,leave,no,0,none,30,0.05,0.1,2147483647,1,0,5,65,0.4,0.2,0.187,0.174,0.161,0.148,0.135,0.122,0.109,0.096,0.083,0.07,0.057,0.044,0.031,0.018,0.00499999999999997,0,0.461293605505489,0.461386835435405
438,left,5,stay,yes,0.2,none,30,0.05,0.1,2147483647,1,0,5,65,0.4,0.2,0.187,0.174,0.161,0.148,0.135,0.122,0.109,0.096,0.083,0.07,0.057,0.044,0.031,0.018,0.00499999999999997,0,0.461402141139843,0.461409477517009
439,left,5,stay,yes,0.187,none,30,0.05,0.1,2147483647,1,0,5,65,0.4,0.2,0.187,0.174,0.161,0.148,0.135,0.122,0.109,0.096,0.083,0.07,0.057,0.044,0.031,0.018,0.00499999999999997,0,0.461427400703542,0.461434780037962
440,left,5,stay,yes,0.174,none,30,0.05,0.1,2147483647,1,0,5,65,0.4,0.2,0.187,0.174,0.161,0.148,0.135,0.122,0.109,0.096,0.083,0.07,0.057,0.044,0.031,0.018,0.00499999999999997,0,0.461452916380949,0.461460232967511
441,left,5,stay,yes,0.161,none,30,0.05,0.1,2147483647,1,0,5,65,0.4,0.2,0.187,0.174,0.161,0.148,0.135,0.122,0.109,0.096,0.083,0.07,0.057,0.044,0.031,0.018,0.00499999999999997,0,0.461477598524652,0.461484912200831
442,left,5,stay,yes,0.148,none,30,0.05,0.1,2147483647,1,0,5,65,0.4,0.2,0.187,0.174,0.161,0.148,0.135,0.122,0.109,0.096,0.083,0.07,0.057,0.044,0.031,0.018,0.00499999999999997,0,0.461502423277125,0.461509751155972
443,left,5,stay,yes,0.135,none,30,0.05,0.1,2147483647,1,0,5,65,0.4,0.2,0.187,0.174,0.161,0.148,0.135,0.122,0.109,0.096,0.083,0.07,0.057,0.044,0.031,0.018,0.00499999999999997,0,0.461526924278587,0.461534282658249
444,left,5,stay,yes,0.122,none,30,0.05,0.1,2147483647,1,0,5,65,0.4,0.2,0.187,0.174,0.161,0.148,0.135,0.122,0.109,0.096,0.083,0.07,0.057,0.044,0.031,0.018,0.00499999999999997,0,0.461551507702097,0.461558960843831
445,left,5,stay,yes,0.109,none,30,0.05,0.1,2147483647,1,0,5,65,0.4,0.2,0.187,0.174,0.161,0.148,0.135,0.122,0.109,0.096,0.083,0.07,0.057,0.044,0.031,0.018,0.00499999999999997,0,0.461576369008981,0.461583793628961
446,left,5,stay,yes,0.096,none,30,0.05,0.1,2147483647,1,0,5,65,0.4,0.2,0.187,0.174,0.161,0.148,0.135,0.122,0.109,0.096,0.083,0.07,0.057,0.044,0.031,0.018,0.00499999999999997,0,0.461601141490974,0.461608479032293
447,left,5,stay,yes,0.083,none,30,0.05,0.1,2147483647,1,0,5,65,0.4,0.2,0.187,0.174,0.161,0.148,0.135,0.122,0.109,0.096,0.083,0.07,0.057,0.044,0.031,0.018,0.00499999999999997,0,0.461655878229067,0.461663241731003
448,left,5,leave,no,0,none,30,0.05,0.1,2147483647,1,0,5,65,0.4,0.2,0.187,0.174,0.161,0.148,0.135,0.122,0.109,0.096,0.083,0.07,0.057,0.044,0.031,0.018,0.00499999999999997,0,0.461692060809582,0.461785291088745
449,right,5,stay,yes,0.2,none,30,0.05,0.1,2147483647,1,0,5,65,0.4,0.2,0.187,0.174,0.161,0.148,0.135,0.122,0.109,0.096,0.083,0.07,0.057,0.044,0.031,0.018,0.00499999999999997,0,0.461800277698785,0.461807629442774
450,right,5,stay,yes,0.187,none,30,0.05,0.1,2147483647,1,0,5,65,0.4,0.2,0.187,0.174,0.161,0.148,0.135,0.122,0.109,0.096,0.083,0.07,0.057,0.044,0.031,0.018,0.00499999999999997,0,0.461825429461896,0.461832776898518
451,right,5,stay,yes,0.174,none,30,0.05,0.1,2147483647,1,0,5,65,0.4,0.2,0.187,0.174,0.161,0.148,0.135,0.122,0.109,0.096,0.083,0.07,0.057,0.044,0.031,0.018,0.00499999999999997,0,0.461850700317882,0.461858075927012
452,right,5,stay,yes,0.161,none,30,0.05,0.1,2147483647,1,0,5,65,0.4,0.2,0.187,0.174,0.161,0.148,0.135,0.122,0.109,0.096,0.083,0.07,0.057,0.044,0.031,0.018,0.00499999999999997,0,0.461875602253713,0.461882910458371
453,right,5,stay,yes,0.148,none,30,0.05,0.1,2147483647,1,0,5,65,0.4,0.2,0.187,0.174,0.161,0.148,0.135,0.122,0.109,0.096,0.083,0.07,0.057,0.044,0.031,0.018,0.00499999999999997,0,0.461900586611591,0.461907899472862
454,right,5,stay,yes,0.135,none,30,0.05,0.1,2147483647,1,0,5,65,0.4,0.2,0.187,0.174,0.161,0.148,0.135,0.122,0.109,0.096,0.083,0.07,0.057,0.044,0.031,0.018,0.00499999999999997,0,0.461925520561635,0.461932893260382
455,right,5,stay,yes,0.122,none,30,0.05,0.1,2147483647,1,0,5,65,0.4,0.2,0.187,0.174,0.161,0.148,0.135,0.122,0.109,0.096,0.083,0.07,0.057,0.044,0.031,0.018,0.00499999999999997,0,0.461950918310322,0.461958342581056
456,right,5,stay,yes,0.109,none,30,0.05,0.1,2147483647,1,0,5,65,0.4,0.2,0.187,0.174,0.161,0.148,0.135,0.122,0.109,0.096,0.083,0.07,0.057,0.044,0.031,0.018,0.00499999999999997,0,0.461976529331878,0.461983950808644
457,right,5,stay,yes,0.096,none,30,0.05,0.1,2147483647,1,0,5,65,0.4,0.2,0.187,0.174,0.161,0.148,0.135,0.122,0.109,0.096,0.083,0.07,0.057,0.044,0.031,0.018,0.00499999999999997,0,0.462004192639142,0.462011563475244
458,right,5,leave,no,0,none,30,0.05,0.1,2147483647,1,0,5,65,0.4,0.2,0.187,0.174,0.161,0.148,0.135,0.122,0.109,0.096,0.083,0.07,0.057,0.044,0.031,0.018,0.00499999999999997,0,0.462036068318412,0.462128679733723
459,left,5,stay,yes,0.2,none,30,0.05,0.1,2147483647,1,0,5,65,0.4,0.2,0.187,0.174,0.161,0.148,0.135,0.122,0.109,0.096,0.083,0.07,0.057,0.044,0.031,0.018,0.00499999999999997,0,0.462143914308399,0.462151324027218
460,left,5,stay,yes,0.187,none,30,0.05,0.1,2147483647,1,0,5,65,0.4,0.2,0.187,0.174,0.161,0.148,0.135,0.122,0.109,0.096,0.083,0.07,0.057,0.044,0.031,0.018,0.00499999999999997,0,0.462168700643815,0.462176007335074
461,left,5,stay,yes,0.174,none,30,0.05,0.1,2147483647,1,0,5,65,0.4,0.2,0.187,0.174,0.161,0.148,0.135,0.122,0.109,0.096,0.083,0.07,0.057,0.044,0.031,0.018,0.00499999999999997,0,0.462193695711903,0.462201002752408
462,left,5,stay,yes,0.161,none,30,0.05,0.1,2147483647,1,0,5,65,0.4,0.2,0.187,0.174,0.161,0.148,0.135,0.122,0.109,0.096,0.083,0.07,0.057,0.044,0.031,0.018,0.00499999999999997,0,0.462219057255425,0.462226451258175
463,left,5,stay,yes,0.148,none,30,0.05,0.1,2147483647,1,0,5,65,0.4,0.2,0.187,0.174,0.161,0.148,0.135,0.122,0.109,0.096,0.083,0.07,0.057,0.044,0.031,0.018,0.00499999999999997,0,0.462244183057919,0.462251600925811
464,left,5,stay,yes,0.135,none,30,0.05,0.1,2147483647,1,0,5,65,0.4,0.2,0.187,0.174,0.161,0.148,0.135,0.122,0.109,0.096,0.083,0.07,0.057,0.044,0.031,0.018,0.00499999999999997,0,0.462269101291895,0.462276430451311
465,left,5,stay,yes,0.122,none,30,0.05,0.1,2147483647,1,0,5,65,0.4,0.2,0.187,0.174,0.161,0.148,0.135,0.122,0.109,0.096,0.083,0.07,0.057,0.044,0.031,0.018,0.00499999999999997,0,0.46229419123847,0.462301576975733
466,left,5,stay,yes,0.109,none,30,0.05,0.1,2147483647,1,0,5,65,0.4,0.2,0.187,0.174,0.161,0.148,0.135,0.122,0.109,0.096,0.083,0.07,0.057,0.044,0.031,0.018,0.00499999999999997,0,0.462318518199027,0.462325948406942
467,left,5,leave,no,0,none,30,0.05,0.1,2147483647,1,0,5,65,0.4,0.2,0.187,0.174,0.161,0.148,0.135,0.122,0.109,0.096,0.083,0.07,0.057,0.044,0.031,0.018,0.00499999999999997,0,0.462344905128703,0.462437513982877
468,right,5,stay,yes,0.2,none,30,0.05,0.1,2147483647,1,0,5,65,0.4,0.2,0.187,0.174,0.161,0.148,0.135,0.122,0.109,0.096,0.083,0.07,0.057,0.044,0.031,0.018,0.00499999999999997,0,0.462454191409051,0.462461547460407
469,right,5,stay,yes,0.187,none,30,0.05,0.1,2147483647,1,0,5,65,0.4,0.2,0.187,0.174,0.161,0.148,0.135,0.122,0.109,0.096,0.083,0.07,0.057,0.044,0.031,0.018,0.00499999999999997,0,0.462479459005408,0.462486844160594
470,right,5,stay,yes,0.174,none,30,0.05,0.1,2147483647,1,0,5,65,0.4,0.2,0.187,0.174,0.161,0.148,0.135,0.122,0.109,0.096,0.083,0.07,0.057,0.044,0.031,0.018,0.00499999999999997,0,0.462504409020767,0.46251183655113
471,right,5,stay,yes,0.161,none,30,0.05,0.1,2147483647,1,0,5,65,0.4,0.2,0.187,0.174,0.161,0.148,0.135,0.122,0.109,0.096,0.083,0.07,0.057,0.044,0.031,0.018,0.00499999999999997,0,0.462529491283931,0.462536826147698
472,right,5,stay,yes,0.148,none,30,0.05,0.1,2147483647,1,0,5,65,0.4,0.2,0.187,0.174,0.161,0.148,0.135,0.122,0.109,0.096,0.083,0.07,0.057,0.044,0.031,0.018,0.00499999999999997,0,0.462554854806513,0.462562282802537
473,right,5,stay,yes,0.135,none,30,0.05,0.1,2147483647,1,0,5,65,0.4,0.2,0.187,0.174,0.161,0.148,0.135,0.122,0.109,0.096,0.083,0.07,0.057,0.044,0.031,0.018,0.00499999999999997,0,0.462579715531319,0.462587122572586
474,right,5,stay,yes,0.122,none,30,0.05,0.1,2147483647,1,0,5,65,0.4,0.2,0.187,0.174,0.161,0.148,0.135,0.122,0.109,0.096,0.083,0.07,0.057,0.044,0.031,0.018,0.00499999999999997,0,0.46260505868122,0.462612413801253
475,right,5,stay,yes,0.109,none,30,0.05,0.1,2147483647,1,0,5,65,0.4,0.2,0.187,0.174,0.161,0.148,0.135,0.122,0.109,0.096,0.083,0.07,0.057,0.044,0.031,0.018,0.00499999999999997,0,0.462629958987236,0.462637409800664
476,right,5,stay,yes,0.096,none,30,0.05,0.1,2147483647,1,0,5,65,0.4,0.2,0.187,0.174,0.161,0.148,0.135,0.122,0.109,0.096,0.083,0.07,0.057,0.044,0.031,0.018,0.00499999999999997,0,0.4626548277447,0.462662241654471
477,right,5,stay,yes,0.083,none,30,0.05,0.1,2147483647,1,0,5,65,0.4,0.2,0.187,0.174,0.161,0.148,0.135,0.122,0.109,0.096,0.083,0.07,0.057,0.044,0.031,0.018,0.00499999999999997,0,0.462680560303852,0.462688009720296
478,right,5,stay,yes,0.07,none,30,0.05,0.1,2147483647,1,0,5,65,0.4,0.2,0.187,0.174,0.161,0.148,0.135,0.122,0.109,0.096,0.083,0.07,0.057,0.044,0.031,0.018,0.00499999999999997,0,0.462711251107976,0.462718707392924
479,right,5,stay,yes,0.057,,30,0.05,0.1,2147483647,1,0,5,65,0.4,0.2,0.187,0.174,0.161,0.148,0.135,0.122,0.109,0.096,0.083,0.07,0.057,0.044,0.031,0.018,0.00499999999999997,0,0.462771796970628,0.462779178284109
480,right,5,leave,no,0,none,30,0.05,0.1,2147483647,1,0,5,65,0.4,0.2,0.187,0.174,0.161,0.148,0.135,0.122,0.109,0.096,0.083,0.07,0.057,0.044,0.031,0.018,0.00499999999999997,0,0.462801589397714,0.462894131895155
481,left,5,stay,yes,0.2,none,30,0.05,0.1,2147483647,1,0,5,65,0.4,0.2,0.187,0.174,0.161,0.148,0.135,0.122,0.109,0.096,0.083,0.07,0.057,0.044,0.031,0.018,0.00499999999999997,0,0.462909819907509,0.462917237076908
482,left,5,stay,yes,0.187,none,30,0.05,0.1,2147483647,1,0,5,65,0.4,0.2,0.187,0.174,0.161,0.148,0.135,0.122,0.109,0.096,0.083,0.07,0.057,0.044,0.031,0.018,0.00499999999999997,0,0.462934540351853,0.462941926089115
483,left,5,stay,yes,0.174,none,30,0.05,0.1,2147483647,1,0,5,65,0.4,0.2,0.187,0.174,0.161,0.148,0.135,0.122,0.109,0.096,0.083,0.07,0.057,0.044,0.031,0.018,0.00499999999999997,0,0.462959568714723,0.46296690881718
484,left,5,stay,yes,0.161,,30,0.05,0.1,2147483647,1,0,5,65,0.4,0.2,0.187,0.174,0.161,0.148,0.135,0.122,0.109,0.096,0.083,0.07,0.057,0.044,0.031,0.018,0.00499999999999997,0,0.462986163096502,0.462993600056507
485,left,5,stay,yes,0.148,none,30,0.05,0.1,2147483647,1,0,5,65,0.4,0.2,0.187,0.174,0.161,0.148,0.135,0.122,0.109,0.096,0.083,0.07,0.057,0.044,0.031,0.018,0.00499999999999997,0,0.463011342682876,0.463018748327158
486,left,5,stay,yes,0.135,none,30,0.05,0.1,2147483647,1,0,5,65,0.4,0.2,0.187,0.174,0.161,0.148,0.135,0.122,0.109,0.096,0.083,0.07,0.057,0.044,0.031,0.018,0.00499999999999997,0,0.463036303874105,0.463043734198436
487,left,5,stay,yes,0.122,none,30,0.05,0.1,2147483647,1,0,5,65,0.4,0.2,0.187,0.174,0.161,0.148,0.135,0.122,0.109,0.096,0.083,0.07,0.057,0.044,0.031,0.018,0.00499999999999997,0,0.46306127961725,0.463068722980097
488,left,5,stay,yes,0.109,none,30,0.05,0.1,2147483647,1,0,5,65,0.4,0.2,0.187,0.174,0.161,0.148,0.135,0.122,0.109,0.096,0.083,0.07,0.057,0.044,0.031,0.018,0.00499999999999997,0,0.463087115320377,0.463094488717616
489,left,5,stay,yes,0.096,,30,0.05,0.1,2147483647,1,0,5,65,0.4,0.2,0.187,0.174,0.161,0.148,0.135,0.122,0.109,0.096,0.083,0.07,0.057,0.044,0.031,0.018,0.00499999999999997,0,0.463115723687224,0.46312302921433
490,left,5,stay,yes,0.083,none,30,0.05,0.1,2147483647,1,0,5,65,0.4,0.2,0.187,0.174,0.161,0.148,0.135,0.122,0.109,0.096,0.083,0.07,0.057,0.044,0.031,0.018,0.00499999999999997,0,0.46314117545262,0.463148476090282
491,left,5,leave,no,0,none,30,0.05,0.1,2147483647,1,0,5,65,0.4,0.2,0.187,0.174,0.161,0.148,0.135,0.122,0.109,0.096,0.083,0.07,0.057,0.044,0.031,0.018,0.00499999999999997,0,0.463167991489172,0.46326050569769
492,right,5,stay,yes,0.2,none,30,0.05,0.1,2147483647,1,0,5,65,0.4,0.2,0.187,0.174,0.161,0.148,0.135,0.122,0.109,0.096,0.083,0.07,0.057,0.044,0.031,0.018,0.00499999999999997,0,0.463278118171729,0.463285461999476
493,right,5,stay,yes,0.187,none,30,0.05,0.1,2147483647,1,0,5,65,0.4,0.2,0.187,0.174,0.161,0.148,0.135,0.122,0.109,0.096,0.083,0.07,0.057,0.044,0.031,0.018,0.00499999999999997,0,0.46330394258257,0.46331137791276
494,right,5,stay,yes,0.174,none,30,0.05,0.1,2147483647,1,0,5,65,0.4,0.2,0.187,0.174,0.161,0.148,0.135,0.122,0.109,0.096,0.083,0.07,0.057,0.044,0.031,0.018,0.00499999999999997,0,0.46332868526224,0.463336062850431
495,right,5,stay,yes,0.161,none,30,0.05,0.1,2147483647,1,0,5,65,0.4,0.2,0.187,0.174,0.161,0.148,0.135,0.122,0.109,0.096,0.083,0.07,0.057,0.044,0.031,0.018,0.00499999999999997,0,0.463353977771476,0.463361362111755
496,right,5,stay,yes,0.148,none,30,0.05,0.1,2147483647,1,0,5,65,0.4,0.2,0.187,0.174,0.161,0.148,0.135,0.122,0.109,0.096,0.083,0.07,0.057,0.044,0.031,0.018,0.00499999999999997,0,0.463379081804305,0.463386508403346
497,right,5,stay,yes,0.135,none,30,0.05,0.1,2147483647,1,0,5,65,0.4,0.2,0.187,0.174,0.161,0.148,0.135,0.122,0.109,0.096,0.083,0.07,0.057,0.044,0.031,0.018,0.00499999999999997,0,0.463406501454301,0.46341380814556
498,right,5,stay,yes,0.122,none,30,0.05,0.1,2147483647,1,0,5,65,0.4,0.2,0.187,0.174,0.161,0.148,0.135,0.122,0.109,0.096,0.083,0.07,0.057,0.044,0.031,0.018,0.00499999999999997,0,0.463432731456123,0.463440032443032
499,right,5,stay,yes,0.109,none,30,0.05,0.1,2147483647,1,0,5,65,0.4,0.2,0.187,0.174,0.161,0.148,0.135,0.122,0.109,0.096,0.083,0.07,0.057,0.044,0.031,0.018,0.00499999999999997,0,0.463468668283895,0.463476132019423
500,right,5,leave,no,0,none,30,0.05,0.1,2147483647,1,0,5,65,0.4,0.2,0.187,0.174,0.161,0.148,0.135,0.122,0.109,0.096,0.083,0.07,0.057,0.044,0.031,0.018,0.00499999999999997,0,0.463532443740405,0.463625027914532
501,left,5,stay,yes,0.2,none,30,0.05,0.1,2147483647,1,0,5,65,0.4,0.2,0.187,0.174,0.161,0.148,0.135,0.122,0.109,0.096,0.083,0.07,0.057,0.044,0.031,0.018,0.00499999999999997,0,0.463641452137381,0.463648754986934
502,left,5,stay,yes,0.187,,30,0.05,0.1,2147483647,1,0,5,65,0.4,0.2,0.187,0.174,0.161,0.148,0.135,0.122,0.109,0.096,0.083,0.07,0.057,0.044,0.031,0.018,0.00499999999999997,0,0.463671003933996,0.463678369298577
503,left,5,stay,yes,0.174,none,30,0.05,0.1,2147483647,1,0,5,65,0.4,0.2,0.187,0.174,0.161,0.148,0.135,0.122,0.109,0.096,0.083,0.07,0.057,0.044,0.031,0.018,0.00499999999999997,0,0.463697024737485,0.463704437017441
